genus	lineage	exploration_type	s12903	m1	m10	m11	m16	m17	m18	m2	m21	m22	m28	m3	m31	m32	m38	m40	m44	m45	m46	m6	m7	m8	s12884	s15829	s15947	s15949	s15965	s15981	s15997	s19505	s401996	s402006	s402118	s402120	s62128	s62150	s62152	s62154	s62158	s62168	s7839	s9450	s9466	s9586	m12	m15	m19	m20	m27	m29	m33	m35	m4	m43	s15987	s16001	s19511	s19594	s39300	s39326	s401612	s401622	s401654	s401954	s401964	s62134	s62160	s401660	s62170	m14	s402124	m26	m34	m42	s19481	s19501	m9	s402122	s7857	s12428	s12438	s401972	s39352	s401616	m13	m37	m41	s401634	s401652	m24	m5	s138530	s19507	s401656	m23	m25	m39	s12430	s15825	s15827	s39314	s401632	s401646	s401978	s402116	s62156	s62162	s62164	s62166	s62172	s62174	s402150	s19509	s7863	s401620	s401658	s401974	m36	s401644	s401956
Albatrellus	/albatrellus	medium-distance_smooth	17	0	0	0	0	0	0	0	0	0	0	0	0	0	0	0	0	0	0	0	0	0	0	0	0	0	0	0	0	0	0	0	0	0	0	0	0	0	0	0	0	0	0	0	0	0	0	0	0	0	0	0	0	0	0	0	0	0	0	0	0	0	0	0	0	0	0	0	0	0	0	0	0	0	0	0	0	0	0	0	0	0	0	0	0	0	0	0	0	0	0	0	0	0	0	0	0	0	0	0	0	0	0	0	0	0	0	0	0	0	0	0	0	0	0	0	0	0	0	0
Aleurina	/aleurina	contact	45	183	17	4	5	4	11	13	6	2	21	18	11	3	47	5	8	57	86	17	10	5	176	2	33	27	147	20	30	13	107	40	13	18	19	72	72	6	6	16	10	12	47	14	0	0	0	0	0	0	0	0	0	0	0	0	0	0	0	0	0	0	0	0	0	0	0	0	0	0	0	0	0	0	0	0	0	0	0	0	0	0	0	0	0	0	0	0	0	0	0	0	0	0	0	0	0	0	0	0	0	0	0	0	0	0	0	0	0	0	0	0	0	0	0	0	0	0	0	0
Amanita	/amanita	contact	0	0	58	0	0	20	9	0	0	36	2	0	14	0	10	0	0	2	0	338	0	13	117	0	0	39	0	0	5	0	0	0	0	0	6	6	328	0	0	0	110	2	3	2	28	123	16	3	11	212	12	4	4	51	13	33	18	9	12	16	2	3	116	14	10	16	8	0	0	0	0	0	0	0	0	0	0	0	0	0	0	0	0	0	0	0	0	0	0	0	0	0	0	0	0	0	0	0	0	0	0	0	0	0	0	0	0	0	0	0	0	0	0	0	0	0	0	0	0	0
Amylascus	/pachyphloeus-amylascus	short-distance_coarse	0	0	0	0	0	0	0	14	0	0	0	14	0	0	0	0	0	0	0	4	0	0	0	0	0	0	0	0	0	0	0	0	0	0	0	0	0	0	2	0	2	0	6	0	0	7	0	0	0	0	0	0	9	0	0	0	0	0	0	0	0	0	0	0	0	0	2	4	10	0	0	0	0	0	0	0	0	0	0	0	0	0	0	0	0	0	0	0	0	0	0	0	0	0	0	0	0	0	0	0	0	0	0	0	0	0	0	0	0	0	0	0	0	0	0	0	0	0	0	0
Arcangeliella	/russula-lactarius	contact	0	11	0	0	0	6	27	0	0	0	10	0	3	38	0	0	0	41	0	0	0	0	96	0	0	0	0	0	0	0	0	0	21	24	23	0	6	3	18	0	0	0	0	2	0	0	0	0	0	0	2	3	0	0	0	0	0	0	7	0	2	0	46	0	10	98	0	0	4	3	26	0	0	0	0	0	0	0	0	0	0	0	0	0	0	0	0	0	0	0	0	0	0	0	0	0	0	0	0	0	0	0	0	0	0	0	0	0	0	0	0	0	0	0	0	0	0	0	0	0
Astrosporina	/inocybe	short-distance_delicate	0	0	0	2	0	0	0	0	0	0	0	0	0	0	0	0	0	0	0	0	0	0	0	0	0	0	0	0	0	0	0	0	0	17	0	0	491	25	0	0	0	0	0	0	0	38	0	0	0	0	0	0	0	0	7	0	0	0	66	0	0	0	0	0	0	0	0	0	0	0	0	0	0	0	0	0	0	0	0	0	0	0	0	0	0	0	0	0	0	0	0	0	0	0	0	0	0	0	0	0	0	0	0	0	0	0	0	0	0	0	0	0	0	0	0	0	0	0	0	0
Auritella	/inocybe	contact	0	20	0	0	45	0	5	0	0	0	2	0	0	0	0	0	0	0	0	0	0	0	0	0	0	0	0	0	0	6	0	0	0	0	0	0	0	0	0	0	0	0	0	0	0	0	0	0	0	4	0	0	0	0	0	0	0	0	0	0	0	0	0	0	0	0	0	0	0	0	0	13	5	13	66	2421	0	0	0	0	0	0	0	0	0	0	0	0	0	0	0	0	0	0	0	0	0	0	0	0	0	0	0	0	0	0	0	0	0	0	0	0	0	0	0	0	0	0	0	0
Austroboletus	/boletus	long-distance	0	0	0	0	0	0	0	0	0	6	0	0	0	0	0	0	0	0	0	0	0	0	0	0	0	0	0	0	0	0	0	0	0	0	0	0	0	0	0	0	0	0	0	0	0	0	0	0	0	0	0	0	0	0	0	0	0	0	0	0	3	0	0	0	0	0	0	0	0	0	0	0	0	0	0	0	0	0	0	0	0	0	0	0	0	0	0	0	0	0	0	0	0	0	0	0	0	0	0	0	0	0	0	0	0	0	0	0	0	0	0	0	0	0	0	0	0	0	0	0
Austrogautieria	/hysterangium	mat	0	0	0	6	0	0	3	0	0	0	0	0	0	0	13	1036	0	0	0	0	0	844	0	0	0	0	0	0	0	0	0	0	0	0	0	0	0	0	0	0	0	0	37	0	160	0	0	0	6	0	0	21	0	0	0	0	0	0	0	0	0	0	0	0	0	0	0	0	0	0	0	0	25	0	0	0	5	3	17	0	0	0	0	0	0	0	0	0	0	0	0	0	0	0	0	0	0	0	0	0	0	0	0	0	0	0	0	0	0	0	0	0	0	0	0	0	0	0	0	0
Austropaxillus	/austropaxillus	long-distance	0	0	0	0	0	0	0	0	0	0	0	0	0	0	0	0	0	0	0	0	0	0	0	0	0	0	0	0	0	0	0	0	0	0	0	0	0	0	0	0	0	0	0	0	0	0	0	0	0	0	0	0	0	0	0	0	0	0	0	3	0	0	0	0	0	0	0	0	0	0	0	0	0	0	0	0	0	0	0	3	2	3	0	0	0	0	0	0	0	0	0	0	0	0	0	0	0	0	0	0	0	0	0	0	0	0	0	0	0	0	0	0	0	0	0	0	0	0	0	0
Butyriboletus	/boletus	long-distance	0	8	0	0	0	0	0	0	0	0	0	22	0	0	0	0	0	20	0	0	0	9	0	0	0	22	3	0	33	0	0	0	0	0	0	0	0	0	0	0	0	0	0	0	0	0	0	0	0	0	0	0	12	0	24	0	0	0	0	0	2	0	0	0	0	0	0	0	0	0	0	0	0	0	0	0	0	0	0	0	0	0	4	0	0	0	0	0	0	0	0	0	0	0	0	0	0	0	0	0	0	0	0	0	0	0	0	0	0	0	0	0	0	0	0	0	0	0	0	0
Caloboletus	/boletus	long-distance	0	0	0	0	0	6	0	0	0	0	0	0	0	0	0	0	0	0	0	0	0	0	0	0	0	0	0	0	0	0	0	0	0	0	0	0	0	0	0	0	0	0	0	0	0	0	0	0	0	0	0	0	0	0	0	0	0	0	0	0	0	0	0	0	0	0	0	0	0	0	0	0	0	0	0	0	0	0	0	0	0	0	0	0	0	0	0	0	0	0	0	0	0	0	0	0	0	0	0	0	0	0	0	0	0	0	0	0	0	0	0	0	0	0	0	0	0	0	0	0
Cantharellus	/cantharellus	medium-distance_smooth	0	0	0	0	0	0	0	0	0	0	0	0	0	0	0	0	0	0	0	0	0	0	0	0	0	0	0	0	0	0	0	0	0	0	0	0	0	0	0	0	0	0	0	0	0	0	0	0	0	0	0	0	0	0	0	0	0	0	0	0	0	0	0	0	0	0	0	0	0	0	0	0	0	0	0	0	0	0	0	0	0	0	0	7	0	0	0	0	0	0	0	0	0	0	0	0	0	0	0	0	0	0	0	0	0	0	0	0	0	0	0	0	0	0	0	0	0	0	0	0
Cenococcum	/cenococcum	short-distance_coarse	0	20	6	0	5	9	11	0	0	19	30	5	5	61	77	0	8	108	30	7	24	6	15	0	230	74	27	3	91	0	61	0	0	0	6	0	0	0	0	0	6	134	5	7	0	13	0	8	0	89	3	6	5	25	29	0	0	5	0	0	0	7	0	0	6	2	0	5	0	0	0	5	0	6	5	0	26	0	0	0	3	0	43	0	23	2	22	10	3	0	0	0	0	0	0	0	0	0	0	0	0	0	0	0	0	0	0	0	0	0	0	0	0	0	0	0	0	0	0	0
Chondrogaster	/hysterangium	mat	0	0	540	0	0	0	0	0	0	0	0	0	0	0	0	0	0	0	26	32	0	23	0	0	0	0	0	0	0	0	15	0	5	0	0	0	0	0	0	0	0	17	0	0	291	0	0	11	55	0	0	3	0	9	0	127	0	0	0	0	0	0	0	0	0	0	0	176	0	0	0	0	10	10	0	0	14	0	0	0	0	2	0	0	124	0	0	21	0	3	0	0	0	0	0	0	0	0	0	0	0	0	0	0	0	0	0	0	0	0	0	0	0	0	0	0	0	0	0	0
Clavulina	/clavulina	contact	29	5	3	0	16	48	5	63	0	0	3	13	0	9	11	0	0	5	0	6	109	46	2	10	10	296	0	12	0	151	56	11	3	30	0	9	2	0	12	38	0	0	5	92	32	22	2	0	0	8	0	16	74	24	0	30	261	0	4	0	0	0	0	0	0	16	0	26	40	0	0	18	0	48	54	0	0	0	0	0	0	6	12	0	0	42	3	3	33	0	16	38	97	22	0	0	0	0	0	0	0	0	0	0	0	0	0	0	0	0	0	0	0	0	0	0	0	0	0	0
Cortinarius	/cortinarius	medium-distance_fringe	46	52	160	69	60	10	24	2	0	58	113	7	0	101	29	7	255	61	14	36	3	79	65	0	510	799	126	15	539	0	902	3	17	33	284	137	7	8	38	13	18	121	12	1598	94	214	15	0	44	66	0	0	4	45	133	38	0	8	125	0	22	19	43	2335	232	45	61	67	5	49	8	2	47	29	0	0	1169	19	0	0	92	8	23	0	134	21	21	0	0	9	0	0	0	40	75	96	12	8	96	5	53	232	2	99	6	31	11	14	53	2	17	0	0	0	0	0	0	0	0	0
Cystangium	/russula-lactarius	contact	0	0	0	0	0	0	0	0	0	0	0	0	0	0	0	0	0	0	0	0	0	0	0	0	0	0	0	0	0	0	0	0	0	4	0	0	0	0	3	3	0	0	2	0	0	0	0	0	0	0	0	0	0	3	0	0	0	0	0	0	0	0	2	0	0	3	0	0	0	0	0	0	0	0	0	0	0	0	0	0	0	16	0	0	0	0	0	0	0	0	0	0	0	0	0	0	0	0	0	0	0	0	0	0	0	3	0	0	0	0	0	0	0	0	0	0	0	0	0	0
Densospora	/densospora	short-distance_delicate	0	0	0	0	0	0	0	0	0	0	0	0	0	0	0	0	0	0	0	0	0	0	23	0	0	0	0	0	0	0	0	0	0	0	0	0	0	0	0	0	0	0	0	0	2	0	0	0	0	0	0	0	0	0	0	0	0	0	0	0	0	0	0	0	0	0	0	0	0	0	0	0	0	0	0	0	0	0	0	0	0	0	0	0	0	0	0	0	0	0	0	0	0	0	0	0	0	0	0	0	0	0	0	0	0	0	0	0	0	0	0	0	0	0	0	0	0	0	0	0
Dermocybe	/cortinarius	medium-distance_fringe	0	0	4	0	0	0	0	0	0	0	0	0	0	0	0	0	0	0	0	0	0	0	0	0	4	0	0	0	0	0	0	0	0	0	0	0	0	0	0	0	0	2	0	0	0	2	0	0	0	0	0	0	0	0	0	0	0	0	0	0	0	0	0	0	0	5	0	0	6	0	0	0	0	0	0	0	0	0	0	0	0	0	0	0	32	0	2	0	0	0	0	0	0	0	0	0	0	0	0	0	0	0	0	0	0	0	0	0	0	0	0	0	0	0	0	0	0	0	0	0
Descolea	/descolea	short-distance_delicate	0	0	3	3	0	0	0	0	0	0	0	0	0	0	0	0	0	0	0	0	0	0	0	0	7	54	26	0	0	0	0	0	0	0	0	0	3	0	4	0	3	0	0	0	0	0	0	0	0	0	0	0	0	0	0	0	0	0	37	0	0	0	0	0	0	0	7	0	0	0	13	0	0	0	0	0	0	0	0	0	0	0	0	0	0	0	0	0	0	0	0	0	0	0	0	0	0	0	0	0	0	0	0	0	0	0	0	0	0	0	0	0	0	0	0	0	0	0	0	0
Descomyces	/descolea	short-distance_delicate	0	6	0	4	0	0	9	19	42	33	0	10	0	26	23	0	2	52	44	0	0	0	90	5	0	0	2	24	0	17	0	3	45	124	0	15	2	0	7	0	0	0	4	0	0	10	0	3	0	0	0	3	13	0	0	0	0	6	10	50	0	0	0	0	0	7	11	33	12	0	0	0	0	0	51	0	11	0	0	0	0	4	11	0	0	0	0	0	0	0	6	0	30	18	0	0	0	0	0	16	0	5	0	0	2	16	0	0	0	21	4	8	0	0	0	0	0	0	0	0
Destuntzia	/ramaria-gautieria	mat	0	0	0	0	0	0	0	0	0	0	0	0	0	0	0	0	0	0	0	0	0	0	0	0	0	0	0	0	0	0	0	0	0	0	0	0	0	0	0	0	0	0	0	0	0	0	0	0	0	0	0	0	0	0	0	0	0	0	0	0	0	0	0	0	0	0	0	0	0	0	0	0	0	0	0	0	0	0	0	0	0	0	0	0	0	0	0	0	0	0	0	0	0	0	0	0	0	0	0	0	0	0	0	0	5	0	0	0	0	0	0	0	0	0	0	0	0	0	0	0
Dingleya	/tuber-helvella	contact	0	0	0	0	0	0	0	0	0	0	0	0	0	0	0	0	0	0	0	0	0	0	2	0	0	0	0	0	0	0	0	0	0	0	0	0	0	0	0	0	0	0	0	0	0	0	0	0	0	0	0	0	0	0	0	0	0	0	0	0	0	0	0	0	0	0	0	0	0	0	0	0	0	0	0	0	0	0	0	0	0	0	0	0	0	0	0	0	0	0	0	0	0	0	0	0	0	0	0	0	0	0	0	0	0	0	0	0	0	0	0	0	0	0	0	0	0	0	0	0
Elaphomyces	/elaphomyces	short-distance_delicate	0	0	0	0	0	16	0	0	0	0	0	0	0	0	0	0	0	2	0	0	0	22	0	0	0	0	0	0	23	2	177	0	0	0	0	0	0	0	2	0	18	111	0	4	13	0	0	4	0	0	0	0	0	4	0	0	0	0	0	12	0	0	0	0	0	0	171	0	4	0	0	0	0	0	0	8	0	0	0	0	0	0	0	0	0	0	0	0	0	0	0	0	0	0	0	0	0	0	0	0	0	0	0	0	0	0	0	0	0	0	0	0	17	4	0	0	0	0	0	0
Fistulinella	/boletus	long-distance	0	6	0	0	0	0	6	0	0	0	0	0	0	0	0	0	0	0	0	0	0	0	0	0	0	0	0	0	2	0	0	0	0	0	3	0	0	0	0	0	0	0	0	0	0	0	0	0	0	0	0	0	0	0	0	0	0	0	0	0	0	0	0	0	0	0	0	0	0	0	0	0	0	0	0	0	0	0	0	0	0	0	0	0	0	0	0	0	0	0	0	0	0	0	0	0	0	0	0	0	0	0	0	0	0	0	0	0	0	0	0	0	0	0	0	0	0	0	0	0
Gallacea	/hysterangium	mat	0	0	0	0	0	0	0	0	0	0	0	0	0	0	0	0	0	0	0	0	0	358	0	0	0	0	1996	0	0	0	0	0	12	0	0	0	0	0	0	0	0	0	0	0	0	0	0	0	0	0	0	0	0	0	0	0	0	0	0	0	0	0	0	0	0	0	0	0	0	0	0	0	0	0	0	0	0	0	0	0	0	0	0	0	0	0	0	0	0	0	0	0	0	0	0	0	0	0	0	0	0	0	0	0	0	0	0	0	0	0	0	0	0	0	0	0	0	0	0	0
Geomorium	/tuber-helvella	unknown	0	0	0	0	0	0	0	0	0	0	0	0	0	0	0	0	0	0	0	0	0	0	0	0	0	0	0	0	0	0	0	0	0	3	0	0	0	0	0	0	0	0	0	0	0	0	0	0	0	0	0	0	0	0	0	0	0	0	0	0	0	0	0	0	0	0	0	0	0	0	0	0	0	0	0	0	0	0	0	0	0	0	0	0	0	0	0	0	0	0	0	0	0	0	0	0	0	0	0	0	0	0	0	0	0	0	0	0	0	0	0	0	0	0	0	0	0	0	0	0
Gummiglobus	/hysterangium	mat	0	0	0	0	0	0	0	0	0	0	0	0	0	0	0	0	75	0	0	0	0	0	0	0	7	0	0	0	0	0	0	0	0	0	0	0	0	0	0	0	0	0	0	0	0	0	0	0	0	0	0	0	0	0	0	0	0	0	0	0	0	0	0	0	0	0	0	0	0	0	0	0	0	0	0	0	0	0	0	0	0	0	0	0	0	0	0	0	0	0	0	0	0	0	0	0	0	0	0	0	0	0	0	0	0	0	0	0	0	0	0	0	0	0	0	0	0	0	0	0
Gymnogaster	/boletus	long-distance	0	0	0	0	0	0	0	0	0	0	0	0	0	0	0	0	0	0	0	0	0	0	0	0	0	0	0	0	0	0	0	0	0	0	0	0	0	0	0	0	0	0	0	0	0	0	0	0	0	0	0	0	9	0	0	0	0	0	0	0	0	0	0	0	0	0	0	42	0	0	0	0	0	0	0	0	0	0	0	0	0	0	0	0	0	0	0	0	0	0	0	0	0	0	0	0	0	0	0	0	0	0	0	0	0	0	0	0	0	0	0	0	0	0	0	0	0	0	0	0
Gyroporus	/pisolithus-scleroderma	long-distance	0	0	0	22	0	0	0	0	0	0	0	0	0	0	0	0	0	0	0	0	0	0	0	0	0	0	0	0	0	0	0	0	5	0	0	0	0	0	0	0	0	0	0	0	0	0	0	0	0	0	0	0	0	0	0	0	0	0	0	0	0	0	0	0	0	7	5	0	3	0	0	0	0	0	0	0	0	0	0	0	0	0	0	0	0	0	0	0	0	0	0	0	0	0	0	0	0	0	0	0	0	0	0	0	0	0	0	0	0	12	0	0	0	0	0	0	0	0	0	0
Hebeloma	/hebeloma-alnicola	short-distance_delicate	0	0	0	0	0	0	0	0	0	0	0	0	0	0	0	0	0	0	0	0	0	0	0	0	0	0	0	0	0	0	0	0	0	0	0	0	0	0	0	0	0	0	0	0	0	0	0	0	0	0	0	0	0	0	0	0	0	0	0	0	0	0	0	0	0	0	0	0	0	0	0	7	0	0	0	0	0	0	0	0	0	0	0	0	0	0	0	0	0	0	0	0	0	0	0	0	0	0	0	0	0	0	0	0	0	0	0	0	0	0	0	0	0	0	0	0	0	0	0	0
Helvella	/tuber-helvella	contact	0	0	0	0	0	0	0	0	0	0	0	0	0	0	0	0	0	0	0	0	0	0	0	0	0	0	0	0	0	0	0	0	3	0	0	0	0	0	0	0	0	0	0	0	0	0	0	0	0	0	0	0	0	0	0	0	0	0	0	0	0	0	0	0	0	0	0	0	0	0	17	0	0	0	0	0	0	0	0	0	0	0	0	0	0	0	0	0	0	0	0	0	0	0	0	0	0	0	0	0	0	0	0	0	0	0	0	0	0	0	0	0	0	0	0	0	0	0	0	0
Helvellosebacina	/sebacina	contact	0	0	0	0	0	0	0	0	0	0	0	0	0	0	0	0	0	0	9	0	0	0	0	0	0	0	0	0	0	0	0	2	0	0	0	0	0	0	0	0	0	0	0	0	0	0	0	0	0	0	10	0	0	0	0	0	0	0	0	0	0	0	0	0	0	0	0	0	0	29	0	0	0	0	0	0	5	0	0	0	0	0	0	0	0	56	0	35	0	0	0	0	0	0	0	0	0	0	0	0	0	0	0	0	0	0	0	0	0	0	0	0	0	0	6	0	0	0	0	0
Hemileccinum	/boletus	long-distance	0	0	0	0	0	0	0	0	0	0	0	0	0	0	0	0	0	0	0	0	0	0	0	0	0	0	0	0	0	0	0	0	0	0	0	0	0	0	0	0	0	0	0	0	0	0	0	0	0	0	0	0	0	0	0	0	0	0	0	0	0	0	0	0	0	0	0	0	0	0	0	0	0	0	0	0	0	0	0	0	0	0	0	0	0	0	0	0	0	0	0	0	0	0	0	0	110	0	0	0	0	0	0	0	0	0	0	0	0	0	0	0	0	0	0	0	0	0	0	0
Hydnangium	/laccaria	short-distance_delicate	21	0	3	5	0	0	0	0	0	0	8	0	0	0	0	0	0	0	0	0	0	6	3	0	0	0	0	12	4	0	0	0	4	0	0	0	0	0	0	0	0	0	7	0	0	0	0	0	0	0	4	0	0	0	4	0	0	0	14	0	0	0	0	0	0	0	0	0	3	0	13	0	0	0	0	0	3	0	0	0	4	3	0	0	0	0	0	3	0	0	0	0	0	4	0	0	0	0	0	0	37	0	0	0	65	0	0	0	0	0	5	5	0	0	0	0	0	0	0	0
Hydnum	/cantharellus	medium-distance_smooth	0	0	0	0	0	20	0	0	0	0	0	0	0	0	0	0	3	0	100	13	0	0	0	0	24	0	0	0	0	0	0	0	0	5	0	0	0	0	0	0	0	0	0	0	0	0	52	0	0	0	0	0	0	0	0	0	0	0	0	0	0	0	0	0	0	0	0	0	0	0	0	0	0	0	0	0	0	0	0	0	0	0	0	0	18	0	16	0	0	0	0	0	0	0	0	0	0	0	0	0	0	0	0	0	0	0	0	0	0	0	0	0	0	0	0	0	0	0	0	0
Hygrophorus	/hygrophorus	contact	0	0	0	0	0	0	0	0	0	0	0	0	0	0	0	0	0	0	0	0	0	0	0	0	0	0	0	0	0	0	0	0	0	0	0	0	0	0	0	0	0	5	0	0	0	0	0	0	0	0	0	0	0	0	0	0	0	0	0	0	0	0	0	0	0	0	0	0	0	0	0	0	0	0	0	0	0	0	0	0	0	0	0	0	0	0	0	0	0	0	0	0	0	0	0	0	0	0	0	0	0	0	0	0	0	0	0	0	0	0	0	0	0	0	0	0	0	0	0	0
Hysterangium	/hysterangium	mat	0	7	0	0	10	0	0	0	0	0	6	10	0	0	166	0	0	68	16	0	0	0	0	0	0	0	0	0	0	0	0	0	0	3	0	0	0	0	0	0	0	0	0	0	0	2	0	7	0	14	41	12	0	0	0	0	0	0	0	103	0	0	0	0	0	0	0	226	0	0	0	6	49	0	0	0	0	6	0	7	12	0	0	0	6	109	0	0	58	19	0	7	0	0	0	0	6	0	0	0	0	0	0	0	0	0	0	0	0	0	0	38	0	0	0	12	0	0	0	0
Imperator	/boletus	long-distance	0	0	0	0	0	0	0	0	0	0	10	0	0	0	0	0	0	0	0	0	0	0	0	0	0	0	0	0	0	0	0	0	0	0	0	0	0	0	0	0	0	0	0	0	0	0	0	0	0	19	0	0	0	0	0	0	0	0	0	0	0	0	0	0	0	0	0	0	0	0	0	0	0	0	0	0	0	0	0	15	0	0	0	0	0	0	0	0	0	0	0	0	0	0	0	0	0	142	0	0	0	0	0	0	0	0	0	0	0	0	0	0	0	0	0	0	0	0	0	0
Inocybe	/inocybe	short-distance_delicate	0	845	50	137	115	3	146	45	10	133	95	17	40	63	133	37	62	142	180	240	23	67	0	81	23	222	2	33	0	35	0	28	15	4	0	40	51	7	229	5	101	75	89	108	172	71	32	38	0	148	15	58	56	166	320	255	491	0	8	0	0	0	0	0	7	9	27	42	433	101	104	102	12	64	760	311	47	0	126	0	147	12	11	0	3	167	19	0	8	44	22	0	422	30	0	9	4	98	0	16	0	0	0	19	0	49	48	0	0	97	363	6	2283	161	3	228	19	0	0	0
Ionosporus	/boletus	unknown	0	0	0	0	0	0	6	0	0	0	0	0	0	0	0	0	0	0	0	0	0	0	0	0	0	0	0	0	0	0	0	0	0	0	0	0	0	0	0	0	0	0	0	0	3	0	8	0	0	0	0	0	0	32	0	0	0	0	0	0	0	0	0	0	0	0	0	0	0	0	0	0	0	0	0	0	0	0	0	0	0	0	0	0	0	0	0	0	0	5	0	0	0	0	0	0	0	0	0	0	0	0	0	0	0	0	0	0	0	0	0	0	0	0	0	0	0	0	0	0
Labyrinthomyces	/tuber-helvella	contact	0	9	0	0	0	0	0	0	0	0	0	0	9	0	0	0	0	0	0	0	0	0	6	0	0	0	0	0	0	0	7	0	0	5	0	0	0	0	0	0	0	0	0	0	0	0	0	0	0	0	0	0	0	0	3	6	0	0	2	0	0	0	0	0	0	0	0	0	0	0	0	0	0	0	7	0	0	0	0	0	0	0	0	0	0	0	0	0	0	0	0	0	0	0	0	0	0	4	0	0	2	0	0	0	0	0	0	0	0	0	0	0	0	0	0	0	0	0	0	0
Laccaria	/laccaria	short-distance_delicate	72	0	12	8	0	6	0	0	12	14	6	0	38	5	0	0	0	18	0	7	0	0	247	0	84	56	50	0	97	0	250	0	3	25	4	37	22	8	10	48	97	10	0	76	14	0	0	0	154	26	0	0	3	81	41	307	0	3	55	10	0	0	0	26	4	90	121	41	0	0	0	3	5	0	559	0	3	0	2	0	0	0	39	0	44	0	0	0	7	17	10	0	100	39	15	98	0	0	0	3	59	0	0	41	0	11	3	0	17	103	46	27	126	0	3	0	0	0	0	0
Lactifluus	/russula-lactarius	medium-distance_smooth	268	0	0	0	0	0	32	0	354	108	22	0	44	20	80	0	0	0	0	196	0	0	56	4	8	0	19	0	609	0	0	0	361	0	0	0	0	0	0	0	28	94	0	0	0	0	0	52	4	5	0	0	0	0	0	602	0	0	68	0	0	0	0	0	0	0	0	0	5	0	0	0	0	5	0	0	81	0	0	0	0	0	0	0	13	9	0	37	0	116	0	0	0	0	0	45	0	0	0	0	0	0	0	0	0	0	0	0	0	0	0	0	0	0	0	0	0	3	0	0
Leotia	/leotia	short-distance_delicate	0	0	0	0	0	0	0	0	5	0	0	60	0	0	0	0	0	0	0	0	0	0	0	0	0	0	3	326	0	0	0	0	0	0	0	182	7	0	0	0	0	0	0	0	0	5	0	0	0	0	0	0	0	0	0	0	0	0	0	0	0	0	0	0	0	0	0	0	0	0	0	0	0	0	0	0	0	0	0	0	0	0	0	0	0	0	0	0	0	0	0	0	0	0	0	0	0	0	0	0	0	0	0	0	0	0	0	0	0	0	0	0	0	0	0	0	0	0	0	0
Lyophyllum	/paralyophyllum	medium-distance_fringe	0	0	29	4	0	0	0	0	0	3	0	25	0	3	0	0	0	0	0	0	0	0	0	0	0	0	0	0	0	0	0	0	0	0	0	0	0	0	0	0	0	0	0	0	0	0	0	0	0	0	0	0	0	0	16	0	0	0	0	0	0	0	0	0	0	0	0	0	0	0	0	0	0	0	0	0	2	0	0	0	0	0	0	0	41	0	0	0	0	0	0	0	0	0	0	0	3	0	0	0	0	0	0	0	0	0	0	0	0	0	0	0	0	0	0	0	0	0	0	0
Macowanites	/russula-lactarius	contact	0	0	0	0	0	0	0	0	0	0	0	0	0	0	0	0	0	0	0	0	0	0	0	6	0	0	0	0	0	0	0	0	0	0	0	0	0	0	0	0	0	0	0	0	0	0	0	0	0	0	3	0	0	0	0	0	0	12	0	0	0	0	0	0	0	0	0	103	0	0	0	0	0	0	0	0	0	0	0	0	0	0	0	0	0	0	0	0	22	0	0	0	0	0	0	0	0	0	0	18	0	0	0	0	0	0	0	0	0	0	0	0	0	0	0	0	0	0	0	0
Mallocybe	/inocybe	short-distance_delicate	0	0	0	0	0	0	0	0	0	0	0	0	0	0	0	0	0	0	0	0	0	0	0	0	0	0	0	0	0	0	0	14	0	0	0	0	0	0	0	0	0	0	0	0	0	0	0	0	0	0	0	0	0	0	0	0	0	0	0	3	0	0	0	0	0	0	0	0	0	0	0	0	0	0	0	0	0	0	0	0	0	0	3	0	0	0	0	0	0	0	0	0	0	0	0	0	0	0	0	0	0	0	0	0	0	0	0	0	0	0	0	0	0	0	0	0	0	0	0	0
Mesophellia	/hysterangium	mat	0	0	106	0	0	0	4	0	0	2	0	0	0	0	0	0	0	0	0	0	0	0	0	0	1599	0	0	0	0	0	0	176	0	0	0	0	0	0	0	0	0	0	0	0	0	72	0	0	0	0	0	0	0	47	199	10	0	0	0	0	0	250	0	0	0	0	0	0	0	0	0	0	26	0	0	2	0	0	0	0	0	0	124	0	184	0	2	0	0	0	0	0	0	0	14	0	0	0	0	0	0	0	0	0	0	0	0	0	0	0	0	0	0	0	0	0	0	0	0	0
Nothojafnea	/tuber-helvella	contact	0	0	0	0	0	0	0	0	0	0	0	0	0	0	0	0	0	0	6	0	0	0	0	0	0	0	0	0	0	0	0	0	0	0	0	0	0	0	0	0	0	0	0	0	0	0	3	0	0	0	0	0	0	0	0	0	0	0	0	7	0	0	0	0	0	0	0	0	0	0	0	0	0	0	0	0	0	0	0	0	0	0	6	0	0	0	0	0	0	0	0	68	0	0	0	0	0	0	0	0	0	0	0	0	0	0	0	0	0	0	0	0	0	0	0	0	0	0	0	0
Octaviania	/boletus	long-distance	0	0	0	0	2	0	0	0	0	0	0	0	0	0	7	0	0	0	0	0	0	0	0	0	0	0	0	0	0	0	0	0	0	0	0	0	0	0	0	0	0	0	0	6	0	0	0	0	0	0	0	0	0	0	0	0	0	0	0	0	0	0	0	0	0	0	0	0	0	0	3	0	0	0	0	0	0	0	0	0	0	0	0	0	0	0	0	0	0	0	0	0	0	0	0	0	0	0	0	0	0	0	0	0	0	0	0	0	0	0	0	0	0	0	0	0	0	0	0	0
Phaeocollybia	/phaeocollybia	unknown	0	0	0	0	0	0	0	0	0	3	0	0	0	0	0	0	0	0	0	0	0	0	0	0	0	0	0	0	0	0	0	0	0	0	0	0	0	0	0	0	0	0	0	152	0	0	0	0	0	0	0	0	0	0	0	0	0	0	0	0	0	0	0	71	0	0	0	0	0	0	0	101	0	0	0	0	0	0	0	0	0	0	0	0	0	0	0	0	0	0	0	0	0	0	0	0	0	0	0	0	0	0	4	0	0	0	0	0	0	0	0	0	0	0	0	0	0	0	0	0
Phaeohelotium	/phaeohelotium	short-distance_delicate	36	3	3	2	0	0	37	0	0	0	0	0	0	13	6	0	0	20	33	0	0	0	9	0	0	0	5	3	4	29	9	0	0	0	0	12	28	0	0	0	0	6	0	6	10	0	0	3	0	0	0	0	0	0	19	0	0	3	0	0	0	0	226	43	4	26	0	0	0	0	0	0	0	0	21	0	0	0	0	0	0	0	0	0	7	0	0	0	0	7	0	0	0	0	0	0	0	0	15	0	0	0	0	38	0	0	0	0	0	0	0	0	0	0	0	0	0	0	4	5
Phellodon	/phellodon-bankera	mat	3	0	17	0	0	0	0	0	0	0	0	0	0	26	0	0	0	0	0	0	0	0	0	0	0	0	0	0	0	0	0	0	0	0	0	0	0	0	0	0	3	0	0	0	0	3	187	0	0	0	0	0	0	37	7	0	0	0	0	0	0	0	0	0	18	0	0	0	0	7	0	3	0	0	0	0	21	0	0	0	0	0	0	0	82	0	0	0	0	3	0	0	0	0	10	11	0	0	0	0	0	0	0	0	0	0	0	0	0	0	0	0	0	0	0	0	0	0	0	0
Phylloporus	/boletus	long-distance	0	0	0	0	0	0	0	0	0	0	0	0	0	0	0	0	0	0	0	0	0	0	0	0	0	0	0	0	0	0	0	0	0	0	0	0	0	0	0	0	0	0	0	0	0	0	0	0	0	0	0	0	0	0	0	0	0	0	0	0	0	0	0	0	0	0	0	0	0	0	0	0	0	0	0	8	0	0	0	0	0	0	0	0	0	0	0	0	0	0	0	0	0	0	0	0	0	0	0	2	0	0	0	0	0	0	0	0	0	0	0	0	0	0	0	0	0	0	0	0
Piloderma	/piloderma	medium-distance_fringe	0	126	0	0	0	39	64	0	0	38	0	4	0	47	79	7	7	0	0	18	3	0	0	0	3	0	0	0	10	0	0	0	0	0	0	0	0	0	0	0	8	0	0	18	0	0	0	0	0	0	0	0	4	0	0	8	0	0	0	0	0	0	0	0	0	0	0	2	0	13	0	0	0	0	0	0	0	0	0	0	0	0	0	0	21	0	0	22	0	0	0	0	0	0	0	17	8	0	0	0	0	0	0	0	0	0	0	0	0	0	0	0	0	0	12	0	0	0	0	0
Pisolithus	/pisolithus-scleroderma	long-distance	0	0	0	0	0	0	0	0	0	0	0	0	0	0	0	0	0	0	0	0	0	0	2	0	0	0	0	0	0	0	5	0	0	0	3	0	0	0	0	0	0	0	0	0	0	0	0	0	0	0	0	0	0	0	0	0	0	261	0	0	0	0	11	0	0	0	0	4	0	0	0	0	0	0	0	0	0	0	0	0	8	0	0	0	0	0	0	0	0	0	0	0	0	0	26	28	0	0	0	0	0	0	0	0	0	0	0	0	0	0	0	0	0	0	0	0	0	3	0	0
Porphyrellus	/boletus	long-distance	0	0	5	0	0	0	0	0	0	0	0	0	0	0	0	0	0	0	0	0	16	7	0	0	0	0	0	0	0	0	0	0	0	0	9	0	17	0	0	0	0	0	0	0	0	0	0	0	0	0	0	0	0	3	15	3	0	0	0	0	0	0	0	0	0	0	0	0	0	0	0	0	6	0	0	0	0	0	0	7	0	0	0	0	0	0	0	0	0	0	0	0	0	0	0	0	0	26	0	0	0	0	0	0	0	0	0	0	0	0	0	0	0	0	0	0	3	0	0	0
Porpoloma	/porpoloma	medium-distance_fringe	0	0	0	0	0	0	0	0	0	0	0	5	0	0	0	0	0	0	34	0	0	0	0	0	0	0	0	0	0	0	0	0	0	0	0	0	0	0	0	0	0	0	0	0	0	0	0	0	0	0	0	0	0	0	0	0	0	0	0	0	0	0	0	0	0	0	0	0	0	0	0	0	0	0	0	0	0	0	0	0	0	0	0	0	0	0	0	0	0	0	0	0	0	0	0	0	0	0	0	0	0	0	0	0	0	0	0	0	0	0	0	0	0	0	0	0	0	0	0	0
Protoglossum	/cortinarius	medium-distance_fringe	0	0	0	0	0	0	0	0	0	0	0	0	0	0	0	0	0	0	0	0	0	0	0	0	33	3	0	0	10	0	0	0	0	0	0	0	0	0	0	0	0	0	0	0	0	0	0	0	0	0	0	0	0	0	0	0	0	0	0	0	0	0	0	0	0	0	0	0	0	0	0	0	0	0	0	0	0	0	0	0	0	0	0	0	0	0	0	0	0	0	0	0	0	0	0	0	0	0	0	0	0	0	0	0	0	0	0	0	0	0	0	0	0	0	0	0	0	0	0	0
Pulchroboletus	/boletus	long-distance	0	0	0	0	0	0	0	0	0	0	0	0	0	0	0	0	0	0	0	0	0	0	0	0	0	0	0	0	0	0	0	0	0	0	0	0	0	0	0	0	0	0	0	0	0	0	0	0	0	0	0	0	0	11	0	0	0	0	0	0	0	3	0	0	0	0	0	0	0	0	0	0	0	0	0	0	0	0	0	0	0	0	0	0	0	0	0	0	0	0	0	0	0	0	0	0	0	0	0	0	0	0	0	0	0	0	0	0	0	0	0	0	0	0	0	0	0	0	0	0
Pulvinula	/pulvinula	short-distance_delicate	0	0	0	0	0	0	0	2	0	0	0	0	0	0	0	0	0	0	54	0	0	0	0	0	0	0	0	0	0	0	0	61	0	0	0	0	0	0	0	0	0	0	0	0	0	0	0	0	0	0	0	0	5	0	0	0	0	0	0	0	0	0	0	0	0	0	0	0	0	0	0	0	0	0	0	0	0	0	0	0	0	0	0	11	0	3	0	0	0	0	0	3	0	0	0	0	0	0	0	0	0	0	0	0	0	0	0	0	0	0	0	5	0	16	0	0	0	0	0	0
Ramaria	/ramaria-gautieria	mat	0	10	9	892	0	0	0	0	5	47	0	0	0	27	0	0	0	0	0	0	0	0	0	0	0	0	0	0	0	0	4	0	0	0	0	0	0	0	0	0	0	0	0	0	0	2	0	0	2	0	0	0	0	16	46	12	0	0	0	65	381	0	0	0	0	0	0	0	0	0	0	3	4	0	0	0	73	0	0	0	0	0	0	0	4	0	0	0	0	51	0	0	0	0	0	3	0	0	0	0	0	0	0	0	0	0	0	0	0	0	0	3	0	0	0	0	0	0	0	0
Reddellomyces	/tuber-helvella	contact	0	0	0	0	0	0	0	0	0	0	0	0	0	0	0	0	0	0	0	0	0	0	0	0	0	0	0	0	0	0	0	0	0	0	0	0	0	0	0	0	0	0	0	0	0	0	0	0	0	0	0	0	0	0	0	0	0	0	0	0	0	0	0	0	0	0	0	0	0	0	0	0	0	0	0	0	0	0	4	0	0	0	0	0	0	0	0	0	0	0	0	0	0	0	0	0	0	0	0	0	0	0	0	0	0	0	0	0	0	0	0	0	0	0	0	0	0	0	0	0
Rhizopogon	/suillus-rhizopogon	long-distance	0	0	0	0	0	0	0	0	0	0	0	2	0	0	0	0	0	0	0	0	0	0	0	0	0	0	0	0	0	0	0	0	0	0	0	0	0	0	0	0	0	0	0	0	0	0	0	0	0	0	0	0	0	0	0	0	0	0	0	0	0	0	0	0	0	0	0	0	0	0	0	0	0	0	0	0	0	0	0	0	0	0	0	0	0	0	0	0	0	0	0	0	0	0	0	0	0	0	0	0	0	0	0	0	0	0	0	0	3	0	0	0	0	0	0	0	0	0	0	0
Ruhlandiella	/terfezia-peziza_depressa	short-distance_coarse	10	9	0	17	7	0	10	13	12	0	16	70	122	0	5	0	7	10	8	9	13	0	156	0	0	0	0	0	0	165	92	31	7	0	7	0	0	3	120	15	0	8	11	43	2	16	0	11	0	72	10	30	0	0	86	0	0	131	0	3	0	0	0	0	0	0	31	29	324	18	80	0	0	7	4	0	0	0	0	0	0	32	10	0	3	4	3	0	2	0	7	120	0	0	4	6	0	0	0	0	0	0	0	0	55	202	106	12	0	3	497	0	0	0	0	2	0	0	0	0
Russula	/russula-lactarius	contact	66	35	192	388	156	130	74	237	185	308	25	242	447	277	318	0	16	53	160	189	58	49	354	451	3	21	175	76	540	0	180	10	19	337	159	11	5	8	45	37	571	1439	984	237	0	58	44	34	0	273	370	151	180	91	502	27	69	297	318	0	35	19	253	0	61	1252	0	134	521	110	152	263	20	18	0	0	144	253	0	7	56	135	860	0	73	5	50	139	68	104	18	6	0	262	8	13	11	30	0	167	2	84	0	93	0	0	0	0	0	160	173	0	0	0	39	9	5	13	0	0
Scleroderma	/pisolithus-scleroderma	long-distance	0	13	0	2	22	0	11	52	0	0	0	70	0	0	0	22	5	0	8	10	16	23	225	18	0	0	0	0	31	0	13	0	23	0	10	0	0	0	0	5	18	0	0	0	0	0	0	17	0	15	30	60	9	0	0	0	0	53	0	0	0	0	50	0	0	6	0	55	0	11	4	46	0	19	0	0	0	0	111	0	0	0	0	0	0	0	0	8	0	0	5	0	0	16	0	0	0	0	0	0	0	0	0	0	0	0	0	0	0	0	19	96	6	0	3	8	0	2	0	0
Sebacina	/sebacina	short-distance_delicate	23	98	0	65	51	31	2	61	68	40	0	267	38	12	240	7	256	68	17	49	3	7	39	44	31	282	0	0	15	0	4	0	5	223	0	103	124	13	0	0	7	46	0	7	28	164	46	10	6	63	100	2	45	2	191	0	0	0	76	4	30	87	0	0	5	15	44	79	41	234	250	31	0	40	3	0	0	200	225	4	3	129	89	0	94	121	0	28	21	12	162	91	0	0	0	0	13	19	0	0	315	40	0	4	6	104	0	0	0	34	18	0	0	0	26	43	151	0	0	0
Setchelliogaster	/descolea	short-distance_delicate	0	0	0	0	0	0	0	0	0	0	0	0	0	0	0	0	0	0	0	0	10	10	0	0	0	0	0	0	64	0	0	0	5	4	0	4	32	9	18	24	0	0	0	0	0	0	0	2	0	0	0	0	0	0	3	0	0	0	0	0	0	0	0	0	0	0	9	7	2	0	4	0	0	0	0	0	0	0	0	0	0	0	0	0	0	0	0	0	0	0	0	0	0	0	0	0	0	0	0	0	5	0	0	0	25	25	0	0	3	0	0	0	0	0	0	0	0	0	0	0
Tarzetta	/tarzetta	contact	0	0	0	0	0	0	0	0	0	0	0	0	0	0	0	0	0	0	65	0	0	0	0	0	0	0	0	0	0	0	0	0	0	0	0	0	0	0	0	0	0	0	0	0	0	0	0	0	0	0	0	0	0	0	0	0	0	0	0	0	0	0	0	0	0	0	0	0	0	0	0	0	0	0	0	0	0	0	0	0	0	0	0	0	0	0	0	0	0	0	0	0	0	0	0	0	0	0	0	0	0	0	0	0	0	0	0	0	0	0	0	0	0	0	0	0	0	0	0	0
Thaxterogaster	/cortinarius	medium-distance_fringe	0	0	0	4	0	0	0	0	0	0	6	0	0	4	0	0	0	0	0	0	0	0	0	0	0	0	0	0	0	0	0	0	0	0	0	0	0	0	0	0	0	0	0	0	0	0	0	0	0	0	0	0	0	6	0	0	0	0	0	0	0	0	0	0	0	576	0	0	0	0	0	0	0	0	0	0	0	0	0	0	0	0	0	0	0	0	0	0	0	0	0	0	0	0	30	0	0	0	0	0	0	0	0	0	0	0	0	0	0	0	0	0	0	0	0	0	0	0	0	0
Thelephora	/tomentella-thelephora	medium-distance_smooth	5	0	21	4	0	0	0	0	0	40	0	0	108	193	9	0	3	6	78	6	139	2	0	0	0	0	0	0	0	114	0	0	0	7	0	0	0	0	0	0	42	32	4	0	0	0	0	0	18	80	10	0	27	0	0	0	0	18	0	0	0	0	0	0	0	0	0	4	0	0	0	5	0	0	0	0	0	0	0	0	0	0	0	0	0	0	0	0	0	0	0	0	0	0	0	0	0	0	0	0	0	0	0	0	0	0	0	0	0	0	0	0	0	0	0	0	0	0	0	0
Timgrovea	/descolea	short-distance_delicate	0	0	0	0	0	0	0	0	0	0	0	0	0	0	0	0	0	0	0	0	0	0	0	0	0	0	0	0	0	0	0	0	0	0	0	0	0	0	0	0	0	0	0	0	0	0	0	0	0	0	0	5	0	0	0	0	0	0	0	0	0	0	0	0	0	0	0	0	0	0	0	0	0	0	0	0	0	0	0	0	0	0	0	0	0	0	0	0	34	0	0	0	0	0	0	0	0	0	0	0	0	10	0	0	0	0	0	12	0	0	0	0	0	0	0	0	0	0	0	0
Tomentella	/tomentella-thelephora	medium-distance_smooth	49	106	57	228	40	31	236	57	18	68	62	37	53	71	104	29	0	283	297	22	180	89	195	196	4	340	15	36	0	207	219	66	26	10	80	69	49	17	90	75	29	23	274	67	28	33	55	6	0	58	28	40	189	73	169	112	1045	11	81	77	10	44	83	12	413	292	79	57	217	63	60	72	54	5	19	13	54	35	229	0	100	31	29	0	33	7	76	5	28	81	129	0	133	233	23	24	25	47	0	17	0	11	0	70	0	29	97	0	6	51	354	420	297	39	8	34	55	0	0	3
Tomentellopsis	/tomentellopsis	medium-distance_smooth	0	0	0	4	0	0	2	0	0	0	0	6	0	3	0	3	3	0	0	4	2	0	0	0	0	0	0	0	20	0	0	0	0	4	0	0	0	0	0	0	0	2	0	0	0	0	0	0	0	0	0	0	0	0	0	12	3	0	0	0	0	0	0	4	0	0	0	0	0	0	0	2	0	0	0	0	5	0	0	0	3	0	0	0	10	0	0	0	0	4	0	0	0	0	0	0	0	0	0	0	0	3	0	22	0	0	0	0	0	0	0	0	0	0	0	0	0	0	0	0
Tremellodendron	/sebacina	short-distance_delicate	0	0	0	0	0	0	0	0	0	0	0	0	0	0	0	0	0	0	0	0	0	0	0	0	0	0	0	0	0	0	0	0	0	0	0	0	0	0	0	0	0	0	0	0	0	0	0	0	0	0	0	0	0	0	0	0	0	0	0	0	2	0	0	0	0	0	0	0	0	51	0	0	0	0	0	0	0	0	0	0	0	0	0	0	0	0	0	0	0	0	0	0	0	0	0	0	0	0	0	0	0	9	0	0	0	0	0	0	0	0	0	0	0	0	0	0	0	0	0	0
Tremellodendropsis	/tremellodendropsis	short-distance_delicate	0	0	0	3	0	0	0	0	0	0	14	39	0	0	0	4	125	118	16	0	0	0	0	11	0	0	0	0	0	0	58	0	0	4	0	0	0	0	0	0	0	21	77	4	0	0	0	0	0	0	0	0	0	0	20	0	0	0	0	0	0	0	0	0	0	6	0	0	0	0	0	0	0	0	0	0	0	0	0	6	0	0	0	0	0	0	0	0	0	0	0	0	0	0	0	0	0	0	0	0	0	0	0	0	0	0	0	0	0	0	0	0	0	0	0	0	0	0	0	0
Tricholoma	/tricholoma	medium-distance_fringe	3	0	119	97	0	0	0	0	0	0	0	0	0	0	0	0	0	0	0	12	0	0	0	0	147	0	0	0	0	0	0	0	0	0	0	0	0	0	0	0	0	0	5	0	121	0	0	0	0	0	0	0	0	0	0	3	0	0	0	13	0	0	0	0	0	0	0	0	0	14	0	0	14	0	0	0	290	0	0	0	0	0	0	0	359	0	0	0	0	0	0	0	0	0	65	3	0	0	0	0	2	0	0	5	0	0	0	0	0	0	0	6	0	0	0	0	0	0	0	0
Tylopilus	/boletus	long-distance	0	0	0	0	0	0	0	0	0	0	0	0	0	0	0	0	0	0	0	0	0	0	0	0	0	0	0	0	0	0	0	0	0	0	0	0	0	0	0	0	0	0	0	0	0	0	0	0	0	0	0	0	7	0	0	0	245	0	2	2	0	0	0	0	0	0	0	0	0	0	0	0	0	0	0	5	0	0	0	0	0	0	0	0	0	0	0	0	0	0	0	0	0	0	0	0	19	0	0	0	0	0	0	0	0	0	0	0	0	0	0	0	0	0	0	0	0	0	0	0
Zelleromyces	/russula-lactarius	contact	0	0	0	0	0	0	0	0	0	0	0	0	0	0	0	0	0	0	0	0	0	0	0	0	0	0	0	0	0	0	0	0	0	0	0	0	0	0	0	0	0	0	0	0	0	50	0	0	0	0	0	0	0	0	0	0	0	0	0	0	0	0	0	0	0	0	0	0	0	0	0	0	0	0	0	0	0	0	0	0	0	0	0	0	0	0	0	0	0	0	0	0	0	0	0	0	0	0	0	0	0	0	0	0	0	0	0	0	0	0	0	0	0	0	0	0	0	0	0	0
