sample_id	sample_id_verbatim	date	longitude	latitude	ammonium	nitrate	nitrogen	carbon	ph	phosphorus	potassium	sulphur	texture	vegetation	bio1	bio4	bio7	bio12	bio15	aridity_index	nitrogen_georef	phosphorus_georef	ph_georef	carbon_georef	am_tree_basal_area	am_tree_basal_area_pctl	ecm_tree_basal_area	ecm_basal_area_percentile_pctl	am_tree_richness	am_tree_richness_pctl	ecm_tree_richness	ecm_richness_percentile_pctl
m1	euroa	3/5/2024	145.6399922	-36.8141354	6	1	0.13	2.09	4.4	4	106	3.9	2	eucalyptus	14.2566776275635	1.73036253452301	27.2051124572754	736.255554199219	31.8232593536377	0.222114831209183	0.226452320814133	30	4.78111219406128	3.33999991416931	0.076695941388607	11	0.891387283802033	89	2.29431962966919	17	6.67635726928711	96
m10	nurran	5/5/2024	148.5559511	-37.5457946	4	1	0.09	2.37	4	2	79	6.4	2	eucalyptus	14.5112457275391	1.28250992298126	22.3261375427246	975.750305175781	16.9237422943115	0.46504220366478	0.232304409146309	18	4.4534797668457	4.21000003814697	0.0969134941697121	22	0.8609299659729	77	5.51171541213989	79	5.72072982788086	84
m11	drummer	5/5/2024	149.2728673	-37.5681942	13	1	0.26	4.15	4.2	10	199	7.4	2	eucalyptus	14.4335794448853	1.27125835418701	21.2843189239502	995.429138183594	14.2090578079224	0.491481184959412	0.211474969983101	27	4.31103754043579	5.53000020980835	0.101697616279125	25	0.861497402191162	77	3.77032995223999	49	5.06571865081787	69
m12	narrabarba	5/5/2024	149.8040614	-37.2427798	5	1	0.11	2.07	3.9	2	74	4.5	2.5	eucalyptus	14.8482427597046	1.14944779872894	20.5575828552246	860.189758300781	15.1417627334595	0.509769439697266	0.1912771910429	15	4.3155369758606	5.28999996185303	0.114468902349472	30	0.842294692993164	70	2.35150623321533	18	4.12268924713135	41
m13	nungatta	5/5/2024	149.4384934	-37.131686	8	1	0.1	3.19	4.6	3	166	5.6	2.5	eucalyptus	12.1261186599731	1.43592119216919	23.378698348999	947.549743652344	14.9426345825195	0.501339972019196	0.244563981890678	30	4.54858827590942	4.19999980926514	0.0754873305559158	10	0.897586584091187	93	1.44466412067413	5	5.07744836807251	69
m14	cathcart	6/5/2024	149.4698702	-36.8376969	21	1	0.23	3.91	4.7	28	283	5.2	2.5	""	11.0179176330566	1.52266001701355	24.7574634552002	934.084594726563	21.3112659454346	0.51806914806366	0.227018117904663	21	4.37456560134888	4.6100001335144	0.0795014053583145	13	0.890654265880585	88	2.06798481941223	14	5.89775371551514	87
m15	glenbog	6/5/2024	149.368477	-36.6142036	17	1	0.24	4.27	4.4	9	257	6.5	2	eucalyptus	9.61369514465332	1.58746659755707	24.9996147155762	846.884155273438	17.8366298675537	0.449835062026978	0.222566351294518	28	4.25459623336792	5.40000009536743	0.0782247483730316	12	0.899713695049286	95	1.76670134067535	9	5.64988470077515	83
m16	merimbula	6/5/2024	149.8743829	-36.8759211	3	1	0.1	2.18	3.9	2	74	3.4	2	eucalyptus	15.1762180328369	1.23532629013062	21.6433963775635	804.504699707031	21.9925498962402	0.498865514993668	0.254699647426605	17	4.55814218521118	3.75	0.100973106920719	24	0.856960892677307	75	3.14362144470215	35	4.45017385482788	51
m17	murrah	6/5/2024	150.0314889	-36.5385412	11	1	0.38	4.24	3.5	6	149	8.4	2	eucalyptus;acacia	15.6784982681274	1.19057035446167	20.4446315765381	940.350952148438	22.4315242767334	0.543413817882538	0.211916968226433	21	4.46983861923218	3.91000008583069	0.129639714956284	36	0.819035828113556	60	2.82361602783203	28	6.87034034729004	97
m18	bodalla	6/5/2024	150.0690928	-36.1280866	11	1	0.15	3.86	4.2	4	155	5.7	2	eucalyptus	15.5486545562744	1.1956878900528	20.840576171875	955.326110839844	23.0606307983398	0.565301358699799	0.175997197628021	21	4.30779123306274	4.09000015258789	0.142570823431015	40	0.811290919780731	57	4.0651741027832	56	4.33971500396729	47
m19	moruya	6/5/2024	150.1084743	-35.8763055	11	1	0.18	4.01	4	2	127	8.8	2.5	acacia;leptospermum;eucalyptus	15.5246124267578	1.21816194057465	21.0543727874756	973.506164550781	23.7137451171875	0.542044103145599	0.197604522109032	22	4.42236328125	3.83999991416931	0.147147879004478	42	0.799749195575714	53	2.89735174179077	30	5.24620246887207	74
m2	edi	3/5/2024	146.4191508	-36.6571105	11	10	0.39	3.88	5.8	13	353	6.4	2.5	eucalyptus	14.2899951934814	1.76039028167725	28.45654296875	913.552124023438	32.8825950622559	0.234417825937271	0.29993411898613	50	4.72847175598145	4.01000022888184	0.07282355427742	8	0.89379221200943	91	2.65398144721985	24	6.90550804138184	97
m20	termeil	7/5/2024	150.3189681	-35.500985	18	6	0.43	4.44	5.3	14	416	7.5	3	eucalyptus	15.5682830810547	1.19562089443207	19.7424659729004	1154.70532226563	21.3474884033203	0.56669944524765	0.239499852061272	19	4.46480512619019	4.51999998092651	0.18198274075985	55	0.777600586414337	46	4.75268411636353	68	3.95516896247864	37
m21	budawang	7/5/2024	149.9393537	-35.550604	47	1	0.49	4.6	3.7	19	255	12.3	3	leptospermum;eucalyptus	12.2201251983643	1.56633067131042	25.0173168182373	930.485107421875	20.6218338012695	0.439436465501785	0.245167255401611	18	4.22176885604858	5.32000017166138	0.136421158909798	38	0.834540247917175	66	3.23418664932251	37	3.9001955986023	35
m22	snowball	7/5/2024	149.5738293	-35.9398741	15	1	0.17	2.9	4	8	147	4.7	2.5	eucalyptus	11.1015911102295	1.63385045528412	26.1963939666748	828.966796875	18.8715209960938	0.453540712594986	0.144231170415878	21	4.32660627365112	3.50999999046326	0.103860698640347	26	0.860932290554047	77	1.31417608261108	4	4.14804029464722	42
m23	neriga	7/5/2024	150.170202	-35.0708404	9	1	0.06	1.52	4	2	80	3.9	2.5	eucalyptus	12.5770378112793	1.57011163234711	24.5298194885254	953.101989746094	19.962947845459	0.428071647882462	0.226262107491493	22	4.19709396362305	4.3600001335144	0.144585803151131	41	0.816631376743317	59	1.75822627544403	9	6.03765058517456	89
m24	bomo	8/5/2024	150.5842409	-34.8521034	11	1	0.09	2.42	4.2	2	59	4.1	2	eucalyptus	16.8049583435059	1.19475221633911	19.8116626739502	1120.79650878906	22.6884746551514	0.482237905263901	0.160802245140076	22	4.33547925949097	3.32999992370605	0.191356852650642	58	0.75143826007843	38	5.42849349975586	78	4.79918622970581	61
m25	mittagong	8/5/2024	150.4535486	-34.4424345	10	1	0.14	3.21	3.8	2	41	4.8	1.5	eucalyptus;melaleuca;cyprus;banksia	13.330117225647	1.53407096862793	23.9509963989258	942.721923828125	21.3641891479492	0.464495241641998	0.21105495095253	23	4.58556413650513	4.01999998092651	0.147691309452057	42	0.81034654378891	57	2.31812500953674	18	5.35414600372315	77
m26	nattai	8/5/2024	150.4543217	-34.0649719	7	1	0.14	3.23	4.6	3	116	3.6	2.5	eucalyptus	14.3793992996216	1.58454978466034	25.380859375	927.670288085938	32.993106842041	0.460924774408341	0.210885882377625	22	4.38014078140259	4.30000019073486	0.158351942896843	46	0.787227272987366	49	2.61267447471619	23	5.06247615814209	69
m27	kulura	9/5/2024	151.2013012	-33.1678891	3	1	0.04	1.34	3.9	2	36	3.8	2	eucalyptus;allocasurina	16.2421493530273	1.34205830097198	21.0539894104004	1052.60375976563	36.4056434631348	0.53207403421402	0.225678190588951	23	4.19497632980347	2.79999995231628	0.229044958949089	70	0.713159501552582	24	3.16526770591736	36	4.71521472930908	59
m28	pelton	9/5/2024	151.3129143	-32.8769367	7	1	0.1	1.8	4.4	2	111	3.6	3	eucalyptus;banksia;acacia	17.3813037872314	1.495929479599	24.8013916015625	783.698486328125	35.1255073547363	0.401481151580811	0.175065875053406	25	4.68982744216919	2	0.176052182912827	53	0.760912895202637	41	3.27814912796021	38	5.2471809387207	74
m29	ballengarra	9/5/2024	152.8153667	-31.2379496	15	1	0.17	3.68	4.4	6	120	5.1	3	eucalyptus;allocasurina;leptospermum;banksia;acacia	18.0503044128418	1.2560795545578	21.7064723968506	1304.9306640625	42.2241287231445	0.51814591884613	0.186714246869087	27	4.56542015075684	3.95000004768372	0.372277319431305	98	0.592948853969574	5	4.44069385528564	63	5.85990047454834	86
m3	bright	4/5/2024	146.965788	-36.7134816	12	1	0.31	3.98	4.8	10	386	6.1	2	eucalyptus;allocasurina	12.8404407501221	1.70406711101532	27.200231552124	1342.15673828125	38.7371406555176	0.326719969511032	0.336611866950989	43	4.63332033157349	6.21999979019165	0.0771779641509056	11	0.897454679012299	93	3.59110808372498	45	4.66458082199097	57
m31	urunga	10/5/2024	153.0033007	-30.5291216	16	1	0.28	4.03	4.1	4	154	7.5	2.5	eucalyptus;allocasurina;acacia	18.7696151733398	1.27368247509003	21.5049362182617	1513.64721679688	48.1496047973633	0.555010139942169	0.188677400350571	29	4.47618818283081	4.73000001907349	0.386623412370682	98	0.571906387805939	4	6.57397937774658	87	3.24512004852295	22
m32	tyringham	10/5/2024	152.5333301	-30.226793	20	1	0.29	4.17	4.4	10	184	5.8	2.5	eucalyptus;acacia;allocasurina;banksia;leptospermum	14.1316871643066	1.43617343902588	23.5142383575439	1253.24670410156	49.9780616760254	0.475103825330734	0.226299300789833	33	4.63651084899902	4.67000007629395	0.296699076890945	88	0.680643022060394	16	4.53629159927368	65	2.45535516738892	9
m33	bombom	10/5/2024	152.9501038	-29.7782549	18	1	0.27	3.69	5.1	12	355	7	2	eucalyptus	18.9413776397705	1.39745283126831	24.1717014312744	1039.61853027344	46.3039894104004	0.328866750001907	0.15077605843544	45	4.62951707839966	2.38000011444092	0.27440145611763	83	0.667096436023712	14	4.96154689788818	72	4.52951574325562	53
m34	tabbimobile	10/5/2024	153.2331992	-29.2556981	15	1	0.16	3.05	4.3	2	78	3.7	3	eucalyptus;acacia;banksia	19.2183647155762	1.25943350791931	21.7071189880371	1301.33569335938	46.0881729125977	0.42324024438858	0.100033834576607	19	4.15606498718262	4.51999998092651	0.363833069801331	97	0.564077734947205	4	2.55866408348084	22	4.94716882705689	66
m35	cricklewood	11/5/2024	153.2272521	-28.1905554	23	2	0.25	3.79	4.6	10	159	7.2	3	eucalyptus;exocarpos	18.8395080566406	1.23786389827728	21.5262622833252	1590.06323242188	49.6323661804199	0.44023808836937	0.333048403263092	38	4.71264696121216	5.48000001907349	0.261263877153397	80	0.706774473190308	22	9.30300712585449	97	2.09411573410034	5
m36	cawongla	11/5/2024	153.0827052	-28.5748735	11	49	0.68	4.38	6.2	53	702	13.2	2	eucalyptus	17.5260181427002	1.29937100410461	22.3379936218262	1503.931640625	48.9384498596191	0.433512955904007	0.390233725309372	68	4.88501167297363	4.96999979019165	0.243686020374298	75	0.735755264759064	32	7.00665760040283	89	3.34824085235596	24
m37	ellangowan	11/5/2024	153.0109591	-29.0311078	20	1	0.23	3.45	5.2	6	213	7	3	eucalyptus;acacia	19.0908737182617	1.40180289745331	25.1772289276123	1054.95166015625	49.4108009338379	0.260490596294403	0.157961755990982	50	4.68873977661133	3.30999994277954	0.258064746856689	79	0.677421033382416	15	3.0624783039093	33	4.51204538345337	53
m38	girard	11/5/2024	152.3156755	-28.9263767	18	1	0.19	4.14	4.3	4	143	5.9	3	eucalyptus;acacia;chrysocephalum	14.9196844100952	1.42171394824982	23.6039695739746	1049.70874023438	46.9517326354981	0.410144686698914	0.166529789566994	50	4.91640520095825	4.51000022888184	0.256179600954056	79	0.718587696552277	26	5.01659631729126	72	4.9475040435791	66
m39	dundee	11/5/2024	151.8385709	-29.637042	19	26	0.63	5.2	5.1	10	254	5.5	2	eucalyptus	13.1451683044434	1.61625671386719	25.5943775177002	837.993286132813	38.8807487487793	0.577807128429413	0.132052689790726	34	4.90218257904053	2.63000011444092	0.239445745944977	73	0.732654213905335	31	1.18511700630188	2	6.12415027618408	90
m4	omeo	4/5/2024	147.5628424	-37.11119733	7	1	0.19	2.56	5.2	15	347	3.4	2	eucalyptus	11.4831686019897	1.55069077014923	25.3595485687256	658.118835449219	16.8655109405518	0.330027401447296	0.210296675562859	44	4.98433065414429	5.63000011444092	0.0576321557164192	2	0.920148611068726	100	1.91969633102417	11	7.36060762405396	99
m40	blackie	11/5/2024	151.663247	-30.3369048	10	3	0.5	4.16	5	24	288	9.1	2	eucalyptus	12.8005542755127	1.6327737569809	25.5510425567627	790.5234375	37.2823867797852	0.568454384803772	0.160654306411743	27	4.93070650100708	2.75999999046326	0.175301238894463	53	0.80572110414505	55	1.57902836799622	7	4.74159717559815	59
m41	yarrowitch	11/5/2024	152.0156011	-31.3354701	42	1	0.47	4.7	4.4	106	482	10.4	2.5	eucalyptus	12.8881530761719	1.50086796283722	23.7636890411377	1117.46557617188	41.2311897277832	0.618839502334595	0.20411342382431	41	4.43996810913086	5	0.257607191801071	79	0.728120446205139	29	3.77362060546875	49	2.70160055160522	13
m42	kiwarrak	12/5/2024	152.4661632	-31.9727582	12	6	0.43	4.36	5.7	22	283	7.5	2.5	eucalyptus;acacia	17.8481769561768	1.32298409938812	22.1768627166748	1195.32897949219	39.8815422058106	0.580764949321747	0.190563291311264	28	4.41713857650757	4.30999994277954	0.330302178859711	94	0.633737862110138	9	5.3894214630127	77	5.33615350723267	76
m43	bulahdelah	12/5/2024	152.2339594	-32.3875073	14	1	0.26	3.98	3.5	4	166	11.6	2.5	eucalyptus	18.0660743713379	1.3130077123642	21.2422065734863	1233.19030761719	30.858850479126	0.545730948448181	0.215198710560799	22	4.27355813980103	3.42000007629395	0.333383142948151	94	0.640209197998047	10	4.15282487869263	57	4.2850832939148	46
m44	burrinjuck	13/5/2024	148.6413647	-34.9523195	12	1	0.29	4.48	5.7	10	314	5.7	2	eucalyptus	14.2219305038452	1.89370489120483	27.7668113708496	835.254455566406	22.5917854309082	0.319071710109711	0.192818865180016	24	4.68759679794312	3.1800000667572	0.135555282235146	38	0.828602135181427	64	2.20435070991516	16	6.03770065307617	89
m45	kyeamba	13/5/2024	147.6304716	-35.481827	7	1	0.13	2.39	4.7	5	196	4.1	2.5	eucalyptus	14.0826864242554	1.90670561790466	28.7148952484131	812.260131835938	27.8301010131836	0.251981884241104	0.18231500685215	20	4.4957103729248	3.05999994277954	0.227890938520432	69	0.732522785663605	31	1.32684111595154	4	5.10067367553711	70
m46	woomargama	13/5/2024	147.3005073	-35.8823809	15	1	0.27	3.59	5.6	5	378	5.4	2.5	eucalyptus	13.7539863586426	1.89624845981598	28.0101146697998	831.197021484375	28.8838596343994	0.258891135454178	0.209196224808693	22	4.51567602157593	3.63000011444092	0.144044831395149	41	0.817834377288818	60	1.65256285667419	8	5.74556827545166	85
m5	ensay	4/5/2024	147.8276435	-37.4499928	11	8	0.24	2.93	4.6	6	299	6.3	2.5	eucalyptus;banksia	14.0458583831787	1.38054645061493	24.4300003051758	732.456420898438	17.538366317749	0.370039433240891	0.226987615227699	22	4.96262979507446	3.30999994277954	0.0644933208823204	3	0.902546942234039	96	5.08587408065796	73	6.08918952941895	90
m6	bruthen	4/5/2024	147.8350038	-37.6910016	3	1	0.09	2.43	4	3	77	3.3	2	eucalyptus;acacia	14.3964948654175	1.25914740562439	22.5961036682129	730.423767089844	16.0439472198486	0.372644931077957	0.210294649004936	16	4.79051446914673	3.86999988555908	0.0650014355778694	4	0.892017066478729	89	4.61993837356567	66	5.66927480697632	83
m7	fernbank	4/5/2024	147.3207281	-37.9068838	5	1	0.12	3.08	3.7	3	51	4.2	1.5	eucalyptus;acacia	14.2489881515503	1.31803691387177	23.6243381500244	650.831115722656	16.2266311645508	0.340863972902298	0.161901026964188	16	4.94132375717163	3.88000011444092	0.0567146316170692	2	0.874497413635254	82	2.71584510803223	26	5.1075005531311	70
m8	nowa_nowa	5/5/2024	148.1060333	-37.7320462	7	1	0.23	3.95	4.2	3	165	7.8	2	eucalyptus	14.6218509674072	1.25567007064819	22.7278709411621	764.541687011719	14.9961156845093	0.380430310964584	0.216125026345253	23	4.86264228820801	4.32000017166138	0.0736314654350281	8	0.88042551279068	84	4.46297073364258	63	6.16556596755981	91
m9	brodribb	5/5/2024	148.6184965	-37.6877451	10	1	0.13	3.57	4.6	2	111	12.8	2	eucalyptus	14.3740549087524	1.21735644340515	20.9173774719238	1058.05187988281	16.0057849884033	0.523993790149689	0.293334275484085	24	4.4701771736145	5.21000003814697	0.107589207589626	27	0.847970128059387	72	5.40274095535278	78	5.24143695831299	74
s12428	102.100.100/12428	16/7/2013	148.336683	-42.105769	17	10	0.19	4.08	6.8	12	282	26.4	1.5	""	13.348069190979	0.947427332401276	16.7713966369629	654.322998046875	17.4844055175781	0.394750386476517	0.262468099594116	16	4.94211769104004	4.26999998092651	0.221513032913208	67	0.742801904678345	34	2.76532602310181	27	4.62593364715576	56
s12430	102.100.100/12430	16/7/2013	148.2641	-42.1685	6	20	0.57	5.3	6.6	12	184	14	1.5	""	13.0137736511232	0.974220268726347	17.2296183013916	644.823188476548	16.2881163024905	0.387978404164274	0.20022352039814	20	5.58406686782837	4.73999977111816	0.189736396074295	57	0.773357450962067	45	3.47856068611145	43	3.47891092300415	26
s12438	102.100.100/12438	17/7/2013	148.3021	-42.0578	7	2	0.27	4.33	5.3	6	158	11.8	1.5	""	13.3267955780029	0.962325155735016	17.0650825500488	658.582397460938	17.7529296875	0.399788647890091	0.249939188361168	17	4.9851222038269	4	0.20903255045414	63	0.750062108039856	37	2.87868237495422	29	4.73287105560303	59
s12614	102.100.100/12614	23/1/2014	150.265414	-33.659823	4	50	0.2	3.11	6.1	165	310	16.7	1.5	""	12.0765209197998	1.54410302639008	22.7024459838867	1147.359375	30.1164855957031	0.584477543830872	0.246998146176338	63	4.3603253364563	3.65000009536743	0.177641406655312	54	0.789206266403198	50	2.45084381103516	20	4.27245044708252	45
s12884	102.100.100/12884	5/9/2013	145.029247	-36.673214	3	1	0.19	3.13	4.5	6	295	7.2	2.5	""	14.7875881195068	1.74845290184021	27.7336597442627	522.812622070313	23.9912528991699	0.183680400252342	0.155287072062492	11	4.80855798721314	3.05999994277954	0.0822522044181824	15	0.888962030410767	87	2.70673441886902	25	5.30705118179321	75
s12903	102.100.100/12903	6/12/2013	146.6542886	-43.09507123	10	1	0.19	4.62	3.4	8	123	10.2	1	""	11.2397308349609	1.06843900680542	19.6636428833008	1436.47387695313	24.232702255249	0.683811962604523	0.415614247322083	23	4.80099630355835	6.82000017166138	0.25767993927002	79	0.714967250823975	25	6.44350147247315	86	3.18052697181702	21
s138530	102.100.100/138530	16/3/2022	147.063393	-40.991764	14	11	0.43	4.52	5.3	16	426	22.8	1.5	""	13.2513896467544	1.05925216722954	17.4868648421399	716.781981568683	26.4722021516201	0.274662394735054	0.241697669029236	16	5.14187479019165	3.55999994277954	0.126002445816994	34	0.804752171039581	55	4.4695520401001	64	4.83478116989136	62
s15825	102.100.100/15825	21/8/2014	152.424726	-28.288659	78	71	0.79	5.66	4.2	41	350	16.1	1.5	""	15.721245765686	1.41853713989258	23.1005249023438	1123.02294921875	41.5661506652832	0.430549502372742	0.310558527708054	63	5.10642242431641	5.15999984741211	0.209133967757225	63	0.782126605510712	48	9.75638580322266	98	1.30737364292145	1
s15827	102.100.100/15827	21/8/2014	152.426866	-28.227608	72	24	0.78	5.51	4.8	30	366	19.4	1.5	""	14.6894950866699	1.35498809814453	21.0166206359863	1246.94250488281	41.8620223999023	0.559686064720154	0.348266661167145	51	4.65136384963989	5.3899998664856	0.225200355052948	69	0.775942444801331	46	8.87960815429688	96	1.63079607486725	3
s15829	102.100.100/15829	21/8/2014	152.427209	-28.227565	57	7	0.7	5.22	5.4	136	535	5.5	1.5	""	14.6894950866699	1.35498809814453	21.0166206359863	1246.94250488281	41.8620223999023	0.559686064720154	0.404063552618027	56	4.69799566268921	5.44000005722046	0.225200355052948	69	0.775942444801331	46	8.87960815429688	96	1.63079607486725	3
s15947	102.100.100/15947	15/10/2014	147.40767	-42.40422	4	1	0.09	2.51	3.6	7	104	3.6	1.5	""	9.9417667388916	1.20166563987732	20.4181785583496	583.289367675781	14.6694660186768	0.328234076499939	0.236202090978622	17	4.97426080703735	2.74000000953674	0.149645015597343	43	0.827544391155243	64	3.26848292350769	38	5.01674604415894	68
s15949	102.100.100/15949	15/10/2014	147.39757	-42.32849	5	1	0.13	3.06	3.3	12	148	2.1	1.5	""	10.0856781005859	1.22811949253082	20.9908962249756	535.115051269531	14.3125143051147	0.299774408340454	0.205642744898796	16	4.87067174911499	3.58999991416931	0.136683017015457	38	0.842554748058319	70	3.45381712913513	42	5.37225103378296	77
s15965	102.100.100/15965	17/10/2014	147.45611	-42.54522	9	1	0.13	2.25	3.5	8	104	2.8	1.5	""	10.7852592468262	1.1696879863739	19.9974899291992	607.822082519531	14.3043041229248	0.359159886837006	0.189768254756928	10	4.73199081420898	3.04999995231628	0.183344483375549	55	0.778793573379517	47	2.37844157218933	19	6.24538135528565	92
s15981	102.100.100/15981	7/11/2014	147.20049	-42.55598	9	14	0.48	4.9	5.1	17	304	5.7	2	""	10.0996437072754	1.19350135326386	20.6416721343994	618.320861816406	15.2899551391602	0.369858503341675	0.287848860025406	19	5.32158946990967	3.94000005722046	0.14699287712574	42	0.823027014732361	62	3.17463564872742	36	4.94650554656982	66
s15987	102.100.100/15987	13/11/2014	147.01964	-42.40184	3	1	0.13	2.67	4	12	110	2	1.5	""	10.1313972473145	1.25279605388641	22.5371799468994	537.267578125	16.4288425445557	0.27928426861763	0.185418605804443	18	5.15370416641235	2.57999992370605	0.119738176465034	32	0.852114498615265	73	2.68263459205627	25	6.3426685333252	93
s15997	102.100.100/15997	13/11/2014	146.77292	-42.57264	2	1	0.08	1.2	3.7	9	75	1.6	1.5	""	11.6724939346313	1.29377448558807	23.0605812072754	555.284790039063	21.1973609924316	0.244733512401581	0.176797851920128	15	5.4280571937561	2.54999995231628	0.122474963027373	33	0.841660728039356	69	3.69033139163713	47.2185919190925	5.92253395052831	87.2185919190925
s16001	102.100.100/16001	21/11/2014	147.31891	-41.77754	6	1	0.12	2.74	4.3	3	59	3.8	1.5	""	11.4365997314453	1.33805167675018	23.2712230682373	582.808288574219	17.8885078430176	0.245925217866898	0.202054604887962	16	5.42572069168091	2.90000009536743	0.106843732297421	27	0.855294048786163	74	2.60216450691223	23	4.09900188446045	41
s19481	102.100.100/19481	19/2/2015	150.72482	-33.61583	11	5	0.15	3.18	4.1	7	129	7	2	""	17.6955375671387	1.56559562683105	26.20849609375	820.010864257813	37.1922721862793	0.427559792995453	0.165818363428116	8	4.73052263259888	2.72000002861023	0.162372052669525	48	0.77179479598999	44	2.64006114006043	24	5.85905456542969	86
s19501	102.100.100/19501	23/2/2015	150.72577	-33.61158	7	4	0.07	1.35	4.4	4	51	3.8	1.5	""	17.6958465576172	1.56504666805267	26.203332901001	820.722534179688	37.1741104125977	0.428338974714279	0.149532273411751	9	4.68705272674561	1.62000000476837	0.15917107462883	47	0.773152530193329	45	2.78990530967712	27	6.17261791229248	91
s19505	102.100.100/19505	23/2/2015	150.72878	-33.6145	11	8	0.1	1.2	4.4	5	87	3.9	1.5	""	17.6875171661377	1.56390452384949	26.1782398223877	822.089782714844	37.1568641662598	0.428811371326447	0.172542527318001	7	4.64179563522339	1.17999994754791	0.162372052669525	48	0.77179479598999	44	2.64006114006043	24	5.85905456542969	86
s19507	102.100.100/19507	25/2/2015	150.71983	-33.61007	11	17	0.42	4.66	5.1	12	225	6.8	2	""	17.7206249237061	1.56787049770355	26.262487411499	816.01318359375	37.1922721862793	0.425873428583145	0.123368382453918	13	4.6746039390564	3.34999990463257	0.161577522754669	48	0.769611954689026	44	2.79611778259277	27	6.20333433151245	91
s19509	102.100.100/19509	25/2/2015	150.72043	-33.61072	18	9	0.37	3.7	4	12	244	10	2	""	17.7129077911377	1.56693124771118	26.2429714202881	817.524475097656	37.1857681274414	0.426674216985703	0.115728132426739	12	4.67127370834351	2.24000000953674	0.161577522754669	48	0.769611954689026	44	2.79611778259277	27	6.20333433151245	91
s19511	102.100.100/19511	25/2/2015	150.72095	-33.61255	6	1	0.07	1.22	4.4	3	62	4.8	1.5	""	17.7063102722168	1.56673192977905	26.2347068786621	818.284423828125	37.1999702453613	0.426871806383133	0.137407973408699	6	4.6251425743103	1.5	0.161577522754669	48	0.769611954689026	44	2.79611778259277	27	6.20333433151245	91
s19594	102.100.100/19594	18/11/2015	150.2281468	-33.08392283	2	3	0.14	2.53	4.9	4	406	10.8	3	""	14.9646692276001	1.72702586650848	27.8267478942871	685.197692871094	23.2229766845703	0.363262474536896	0.185052007436752	28	5.04262018203735	2.16000008583069	0.130610331892967	36	0.836394548416138	67	3.76774477958679	49	4.24943971633911	45
s39300	102.100.100/39300	10/4/2017	145.5155976	-37.53328291	23	39	0.75	6.06	4.1	15	309	11.3	1.5	""	11.6424322128296	1.40560019016266	20.7272071838379	1337.87780761719	23.9384136199951	0.515133500099182	0.367930859327316	36	4.20055198669434	7.40999984741211	0.112884998321533	30	0.855050384998322	74	3.55042123794556	45	3.10884094238281	20
s39314	102.100.100/39314	22/4/2017	145.903778	-37.84734516	21	36	0.42	4.92	4.3	16	171	7.7	1.5	""	10.1762380599976	1.38160908222198	20.8105640411377	1621.95983886719	25.903657913208	0.644656598567963	0.439341515302658	36	4.30840492248535	8.07999992370606	0.115240134298801	30	0.840990424156189	69	2.49266481399536	21	2.27588796615601	7
s39326	102.100.100/39326	5/5/2017	145.9055867	-37.867226	31	2	0.27	5.48	4.9	10	270	8.7	1.5	""	11.4933204650879	1.33317267894745	22.0137596130371	1336.42810058594	23.0929889678955	0.55318033695221	0.38632071018219	34	4.44857215881348	6.21999979019165	0.104605555534363	26	0.841877579689026	69	2.30838704109192	18	2.41312789916992	9
s39352	102.100.100/39352	28/5/2017	145.9047119	-37.86564966	27	1	0.26	4.36	4.6	6	215	8.3	2	""	11.688684463501	1.32910621166229	22.198974609375	1302.46740722656	22.9797115325928	0.531784355640411	0.367904782295227	33	4.42751264572144	6.44999980926514	0.104605555534363	26	0.841877579689026	69	2.30838704109192	18	2.41312789916992	9
s401612	102.100.100/401612	30/11/2021	150.6561	-34.5669	15	17	0.43	3.09	4.2	10	106	8.7	2	""	15.9673118591309	1.29942429065704	21.198974609375	1352.75915527344	23.8125896453857	0.613901078701019	0.334393978118897	36	4.43564987182617	5.53000020980835	0.190043285489082	57	0.76563960313797	43	5.77014350891113	81	2.88121199607849	16
s401614	102.100.100/401614	30/11/2021	150.84319	-34.402	5	33	0.32	2.74	4.9	24	188	11.2	2.5	""	15.6176290512085	1.27709949016571	20.0616970062256	1488.90783691406	28.445821762085	0.710931062698364	0.356741547584534	43	4.40743446350098	6.09999990463257	0.211153134703636	64	0.759720921516419	41	5.9278769493103	83	2.4274537563324	9
s401616	102.100.100/401616	30/11/2021	150.84216	-34.4029	9	50	0.46	3.86	5.1	37	297	14.1	2.5	""	15.7191944122314	1.27287316322327	20.0419044494629	1476.38793945313	28.2971744537354	0.708698511123657	0.357219904661179	44	4.43006563186646	6.3600001335144	0.211153134703636	64	0.759720921516419	41	5.9278769493103	83	2.4274537563324	9
s401618	102.100.100/401618	30/11/2021	150.84111	-34.4036	9	61	0.39	4.05	5.2	45	355	11.8	2	""	15.7191944122314	1.27287316322327	20.0419044494629	1476.38793945313	28.2971744537354	0.708698511123657	0.359804660081863	45	4.34568214416504	6.46999979019165	0.211153134703636	64	0.759720921516419	41	5.9278769493103	83	2.4274537563324	9
s401620	102.100.100/401620	30/11/2021	151.03063	-34.1485	8	24	0.51	5.22	4.7	15	251	5.2	2	""	17.2649021148682	1.26159751415253	19.8253688812256	1188.0849609375	26.7697010040283	0.506405234336853	0.173233315348625	27	4.4282021522522	3.6800000667572	0.224087044596672	68	0.721355617046356	27	3.82604503631592	51	4.37959146499634	49
s401622	102.100.100/401622	30/11/2021	151.03944	-33.7464	19	2	0.15	3.18	4.6	2	122	6.7	1.5	""	17.4250602722168	1.39019668102264	22.7390670776367	1012.79791259766	31.7178630828857	0.441889196634293	0.206228792667389	14	4.33227634429932	2.94000005722046	0.212873175740242	64	0.731603085994721	31	4.08252477645874	56	5.28866577148438	75
s401632	102.100.100/401632	7/12/2021	151.68166	-32.1227	16	60	0.71	4.97	4.6	27	309	11	2.5	""	14.1912279129028	1.50880789756775	24.0168972015381	1448.75268554688	35.6635665893555	0.77728807926178	0.480251908302307	32	4.29507303237915	5.98000001907349	0.256702184677124	79	0.737980008125305	33	7.37836885452271	91	1.61541759967804	2
s401634	102.100.100/401634	8/12/2021	151.8161	-31.9817	13	33	0.45	4.36	5	20	390	8.6	2.5	""	15.6341991424561	1.54248178005219	25.7700710296631	1307.32946777344	41.7769470214844	0.682169556617737	0.304067134857178	43	4.3815712928772	5.40000009536743	0.234295770525932	72	0.741441547870636	34	6.72506046295166	88	2.16324830055237	6
s401644	102.100.100/401644	9/12/2021	152.79508	-30.361	31	9	0.62	4.72	3.8	13	122	13.9	2.5	""	15.1791210174561	1.37659895420074	22.585090637207	1682.61022949219	47.9727210998535	0.738802671432495	0.388678431510925	44	4.32961416244507	8.5600004196167	0.359707325696945	97	0.644862592220306	10	7.68764209747315	92	1.29455041885376	1
s401646	102.100.100/401646	9/12/2021	152.79378	-30.362	31	6	0.67	4.99	3.7	11	213	15	2.5	""	15.5417680740356	1.40839672088623	23.4001121520996	1627.91015625	47.749210357666	0.702650904655457	0.368523091077805	44	4.33222818374634	8.57999992370606	0.359707325696945	97	0.644862592220306	10	7.68764209747315	92	1.29455041885376	1
s401650	102.100.100/401650	9/12/2021	152.73093	-30.3655	12	71	0.86	5.69	5.3	239	674	7.5	2.5	""	15.1854286193848	1.3988356590271	23.1254367828369	1597.0302734375	48.5653877258301	0.608081102371216	0.423137456178665	45	4.69576406478882	7.07000017166138	0.339401066303253	95	0.672008991241455	14	8.76671028137207	96	1.07863759994507	1
s401652	102.100.100/401652	10/12/2021	150.78452	-31.9004	5	13	0.34	3.59	5.7	119	583	5.3	2.5	""	16.2726211547852	1.74462556838989	28.1093406677246	751.367248535156	25.3584690093994	0.416182100772858	0.122727327048779	36	5.13166999816895	3.09999990463257	0.11730007827282	31	0.832619190216065	66	3.57234907150269	45	4.19877433776855	43
s401654	102.100.100/401654	10/12/2021	150.26694	-32.45	2	1	0.14	3.06	3.8	3	309	6.2	1	""	15.9512891769409	1.7736519575119	28.1885814666748	664.859619140625	22.0107002258301	0.34348276257515	0.128918245434761	45	5.37837076187134	3.95000004768372	0.113619789481163	30	0.845067501068115	71	3.08850955963135	34	4.08916282653809	40
s401656	102.100.100/401656	10/12/2021	150.26933	-32.3984	5	35	0.18	3.46	4.4	8	301	4.8	1.5	""	17.1222553253174	1.800705909729	29.2047290802002	611.426208496094	25.7995700836182	0.308815836906433	0.14577716588974	45	5.45184087753296	2.84999990463257	0.10682025551796	27	0.850135385990143	72	3.21947407722473	37	4.30544185638428	46
s401658	102.100.100/401658	10/12/2021	150.27246	-32.4029	4	17	0.18	2.51	5	6	293	3.2	1.5	""	16.8024559020996	1.79427433013916	28.9356174468994	628.772766113281	24.7851905822754	0.318841427564621	0.126048266887665	45	5.47788858413696	2.5699999332428	0.111486539244652	29	0.842598676681519	70	2.82349824905396	28	4.36027336120605	48
s401660	102.100.100/401660	24/1/2022	150.22814	-33.0839	3	11	0.18	2.26	5.1	4	360	3.7	2	""	14.9646692276001	1.72702586650848	27.8267478942871	685.197692871094	23.2229766845703	0.363262474536896	0.185052007436752	28	5.04262018203735	2.16000008583069	0.130610331892967	36	0.836394548416138	67	3.76774477958679	49	4.24943971633911	45
s401954	102.100.100/401954	15/2/2022	146.2908244	-37.96905046	18	2	0.24	4.12	3.5	5	169	8.6	2.5	""	12.8147878646851	1.30908834934235	22.1758689880371	1034.89282226563	18.1607532501221	0.449378311634064	0.319682776927948	19	4.39755296707153	5.55999994277954	0.0880014374852181	18	0.847006440162659	71	3.93469858169556	53	6.23417901992798	92
s401956	102.100.100/401956	15/2/2022	146.4612762	-38.61050988	10	34	0.32	3.37	5.1	24	458	5	3	""	13.5126056671143	1.12635362148285	18.1366138458252	1042.73022460938	19.5778560638428	0.415687650442123	0.299960255622864	29	4.60186004638672	6.32999992370606	0.078257828950882	12	0.768978476524353	44	5.39213132858276	78	4.69154930114746	58
s401964	102.100.100/401964	15/2/2022	146.2639099	-38.08056599	13	1	0.25	4.74	3.8	6	168	5.7	2.5	""	13.8740787506104	1.31335818767548	22.6285743713379	851.006469726563	18.0224571228027	0.364609271287918	0.278627395629883	22	4.69203996658325	5.01999998092651	0.0753935799002647	10	0.846980035305023	71	3.59096312522888	45	5.88127374649048	87
s401972	102.100.100/401972	15/3/2022	141.5596558	-38.03423517	54	3	0.28	3.9	4.6	7	110	9.9	2.5	""	13.4876346588135	1.07281363010407	19.6191749572754	768.238891601563	40.1961860656738	0.211995244026184	0.220026984810829	17	4.98450994491577	4.63000011444092	0.0789672583341599	13	0.895764112472534	92	4.95434999465942	72	4.9648609161377	66
s401974	102.100.100/401974	28/2/2022	147.217878	-37.55587319	21	18	0.31	5.03	4.5	10	330	5.7	2.5	""	12.2034206390381	1.38455355167389	23.0191822052002	806.45068359375	16.9239025115967	0.40853413939476	0.309689044952393	37	4.3903865814209	6.19000005722046	0.0600331425666809	2	0.905633449554443	97	4.61612749099731	66	6.13183259963989	90
s401978	102.100.100/401978	15/2/2022	146.2933663	-37.97120853	8	1	0.31	4.68	4	2	137	6.5	3	""	12.7508335113525	1.30672526359558	22.0802345275879	1043.05908203125	18.0918464660645	0.456291764974594	0.314514100551605	22	4.42682504653931	5.23000001907349	0.0880014374852181	18	0.847006440162659	71	3.93469858169556	53	6.23417901992798	92
s401996	102.100.100/401996	3/3/2022	146.1810892	-36.30295522	14	2	0.15	2.62	4.3	4	193	4.9	2.5	""	14.1953783035278	1.84558391571045	27.9335231781006	659.667785644531	26.5896492004395	0.218682751059532	0.151143193244934	19	4.50228357315064	3.00999999046326	0.107190258800983	27	0.856065988540649	75	2.93132185935974	30	5.48877716064453	80
s402006	102.100.100/402006	22/2/2022	147.8768996	-36.27076227	4	1	0.1	1.63	5.7	48	175	1.7	2.5	""	12.442850112915	1.83234214782715	28.1063041687012	985.877319335938	31.153865814209	0.295041084289551	0.222839713096619	29	4.54775857925415	4.46000003814697	0.0710720270872116	6	0.896248638629913	92	3.49618983268738	43	5.85354232788086	86
s402112	102.100.100/402112	9/3/2022	148.9707493	-37.30413664	4	8	0.11	1.18	4.4	4	185	3.6	3	""	9.67660903930664	1.42502963542938	22.0922508239746	1248.9599609375	16.2912330627441	0.664517045021057	0.480846792459488	41	4.13857269287109	7.71999979019165	0.0981054455041885	23	0.890738308429718	89	5.64269113540649	80	3.21367573738098	22
s402116	102.100.100/402116	16/2/2022	146.2159607	-38.57075565	28	34	0.57	4.51	4.1	3	315	5.7	3.5	""	12.8480663299561	1.1600170135498	18.4518356323242	1126.22888183594	22.2595443725586	0.438854664564133	0.377018183469772	17	4.40910005569458	6.46999979019165	0.0916323363780975	20	0.761970400810242	41	6.08427810668945	84	3.86145710945129	35
s402118	102.100.100/402118	17/3/2022	143.5203708	-38.59817095	56	15	0.5	4.66	4.5	21	338	8.9	3	""	12.4141578674316	1.11014831066132	18.538818359375	1262.19897460938	32.2546730041504	0.457870811223984	0.359959304332733	22	4.66429901123047	6.71999979019165	0.102234996855259	25	0.870562136173248	80	4.88638019561768	71	3.93148255348206	36
s402120	102.100.100/402120	17/3/2022	143.5731534	-38.61613613	47	8	0.26	4.24	3.7	5	280	5.7	2.5	""	11.7691230773926	1.11399912834167	17.5378246307373	1476.94567871094	32.2334594726563	0.545411169528961	0.46621435880661	25	4.48856163024902	7.71000003814697	0.117595724761486	31	0.863235771656036	78	5.55518913269043	79	3.01662087440491	18
s402122	102.100.100/402122	17/3/2022	143.8606784	-38.51461611	80	3	0.72	4.5	4.7	19	425	5.8	3	""	10.9649095535278	1.13652801513672	16.9673366546631	1422.65112304688	29.9039268493652	0.56020987033844	0.513600587844849	24	4.47841691970825	7.48000001907349	0.120912551879883	33	0.857702016830444	75	4.38291358947754	62	4.32794141769409	47
s402124	102.100.100/402124	17/2/2022	146.5620512	-38.38884779	38	8	0.51	4.01	4.8	18	526	3.6	2	""	11.2016763687134	1.19649267196655	18.0340919494629	1372.2822265625	19.7215785980225	0.589991390705109	0.424311816692352	34	4.37859153747559	6.25	0.0907094180583954	20	0.803193330764771	54	3.8939163684845	52	4.19061899185181	43
s402150	102.100.100/402150	17/2/2022	146.7311651	-38.4326222	18	24	0.49	4.44	5.1	43	381	6.7	2.5	""	14.076602935791	1.18285369873047	19.9789848327637	778.112365722656	16.1940670013428	0.330842852592468	0.217491582036018	33	4.68762350082398	5.23999977111816	0.0648456588387489	4	0.830695331096649	65	4.26573514938355	60	5.19150638580322	72
s62120	102.100.100/62120	13/12/2017	144.929637	-38.474406	14	2	0.09	1.69	5.1	10	114	10	1	""	14.0824289321899	1.03237247467041	15.9713487625122	860.041625976563	23.4614009857178	0.337986171245575	0.227513670921326	23	4.43850517272949	5.26000022888184	0.114062488079071	30	0.799847066402435	53	3.99835395812988	54	2.90458536148071	16
s62128	102.100.100/62128	11/12/2017	144.323495	-37.673298	34	2	0.51	2.44	3.8	27	274	47.9	2	""	13.3031196594238	1.38552284240723	24.061975479126	592.650634765625	19.7613162994385	0.265342324972153	0.2089783847332	21	4.74847459793091	3.35999989509583	0.0580403320491314	2	0.913228452205658	100	2.60913825035095	23	6.13408422470093	90
s62134	102.100.100/62134	8/12/2017	144.345655	-37.577073	7	1	0.09	1.83	4	8	129	12.1	3	""	11.7988882064819	1.38209855556488	23.0908718109131	768.071472167969	20.1756629943848	0.329017996788025	0.261518359184265	19	4.69589567184448	4.57000017166138	0.0677512660622597	5	0.91319751739502	100	3.39374852180481	41	6.11640024185181	90
s62150	102.100.100/62150	22/11/2017	145.649607	-37.801772	51	10	0.54	3.9	3.7	25	207	39.8	2	""	13.7517290115356	1.33926331996918	23.6356563568115	1109.67309570313	23.2298526763916	0.366398245096207	0.298027217388153	38	4.60864210128784	5.94999980926514	0.0968767106533051	22	0.853515863418579	74	4.69529581069946	68	3.78559184074402	33
s62152	102.100.100/62152	22/11/2017	145.649331	-37.801552	41	10	0.48	4.72	3.5	18	157	35.6	2	""	13.7517290115356	1.33926331996918	23.6356563568115	1109.67309570313	23.2298526763916	0.366398245096207	0.314071804285049	38	4.47012090682983	6.11999988555908	0.0968767106533051	22	0.853515863418579	74	4.69529581069946	68	3.78559184074402	33
s62154	102.100.100/62154	22/11/2017	145.649357	-37.801445	63	12	0.45	4.49	3.4	29	169	69.5	2	""	13.7517290115356	1.33926331996918	23.6356563568115	1109.67309570313	23.2298526763916	0.366398245096207	0.314071804285049	38	4.47012090682983	6.11999988555908	0.0968767106533051	22	0.853515863418579	74	4.69529581069946	68	3.78559184074402	33
s62156	102.100.100/62156	14/11/2017	145.649147	-37.801373	37	7	0.46	4.46	3.9	30	125	17.5	1.5	""	13.7517290115356	1.33926331996918	23.6356563568115	1109.67309570313	23.2298526763916	0.366398245096207	0.314071804285049	38	4.47012090682983	6.11999988555908	0.0968767106533051	22	0.853515863418579	74	4.69529581069946	68	3.78559184074402	33
s62158	102.100.100/62158	13/11/2017	145.648944	-37.801194	49	8	0.44	3.94	3.8	44	208	77.3	1.5	""	13.7517290115356	1.33926331996918	23.6356563568115	1109.67309570313	23.2298526763916	0.366398245096207	0.295005232095718	35	4.53474950790405	6.13000011444092	0.0968767106533051	22	0.853515863418579	74	4.69529581069946	68	3.78559184074402	33
s62160	102.100.100/62160	22/11/2017	145.648936	-37.8012	36	10	0.48	4.75	3.7	34	100	45.8	1.5	""	13.7517290115356	1.33926331996918	23.6356563568115	1109.67309570313	23.2298526763916	0.366398245096207	0.295005232095718	35	4.53474950790405	6.13000011444092	0.0968767106533051	22	0.853515863418579	74	4.69529581069946	68	3.78559184074402	33
s62162	102.100.100/62162	14/11/2017	145.648828	-37.800879	44	8	0.42	4.51	4.5	99	111	21.4	2.5	""	13.7517290115356	1.33926331996918	23.6356563568115	1109.67309570313	23.2298526763916	0.366398245096207	0.295005232095718	35	4.53474950790405	6.13000011444092	0.0968767106533051	22	0.853515863418579	74	4.69529581069946	68	3.78559184074402	33
s62164	102.100.100/62164	14/11/2017	145.648857	-37.801186	53	16	0.43	4.77	4.3	75	224	52	2.5	""	13.7517290115356	1.33926331996918	23.6356563568115	1109.67309570313	23.2298526763916	0.366398245096207	0.295005232095718	35	4.53474950790405	6.13000011444092	0.0968767106533051	22	0.853515863418579	74	4.69529581069946	68	3.78559184074402	33
s62166	102.100.100/62166	13/11/2017	145.648791	-37.801394	32	10	0.46	4.19	4.5	96	165	26.2	2.5	""	13.7517290115356	1.33926331996918	23.6356563568115	1109.67309570313	23.2298526763916	0.366398245096207	0.314071804285049	38	4.47012090682983	6.11999988555908	0.0968767106533051	22	0.853515863418579	74	4.69529581069946	68	3.78559184074402	33
s62168	102.100.100/62168	7/12/2017	145.836581	-37.690526	18	3	0.28	3.22	3.8	24	103	21.9	2.5	""	13.070948600769	1.38845014572144	24.1801052093506	1199.85083007813	29.1831665039063	0.366799592971802	0.315600395202637	43	4.64355993270874	6	0.0932633280754089	21	0.866543292999268	79	4.95607948303223	72	4.47478580474854	51
s62170	102.100.100/62170	15/11/2017	145.837033	-37.690414	31	1	0.27	3.5	3.9	29	120	35.2	1.5	""	13.070948600769	1.38845014572144	24.1801052093506	1199.85083007813	29.1831665039063	0.366799592971802	0.343710869550705	42	4.54547786712647	6.05000019073486	0.0932633280754089	21	0.866543292999268	79	4.95607948303223	72	4.47478580474854	51
s62172	102.100.100/62172	23/11/2017	145.837101	-37.690387	33	2	0.38	4.25	4.1	28	106	29.8	2	""	13.070948600769	1.38845014572144	24.1801052093506	1199.85083007813	29.1831665039063	0.366799592971802	0.314971834421158	46	4.53272438049316	5.76999998092651	0.0932633280754089	21	0.866543292999268	79	4.95607948303223	72	4.47478580474854	51
s62174	102.100.100/62174	15/11/2017	145.836941	-37.690535	45	1	0.4	4.6	3.9	39	80	71.4	2.5	""	13.070948600769	1.38845014572144	24.1801052093506	1199.85083007813	29.1831665039063	0.366799592971802	0.315600395202637	43	4.64355993270874	6	0.0932633280754089	21	0.866543292999268	79	4.95607948303223	72	4.47478580474854	51
s7839	102.100.100/7839	17/8/2012	150.6583748	-35.12804944	6	3	0.22	2.55	3.9	7	89	3.5	1.5	""	16.9586277008057	1.07076811790466	16.9477710723877	1204.75207519531	20.0526733398438	0.496660053730011	0.208533078432083	15	4.4578914642334	1.96000003814697	0.219972178339958	67	0.70410567522049	21	4.00577783584595	54	4.04632091522217	39
s7857	102.100.100/7857	25/10/2012	150.6326533	-35.16181402	4	3	0.02	0.47	7.5	3	42	3.7	1.5	""	16.9778823852539	1.06920611858368	17.0235404968262	1190.29675292969	20.3079147338867	0.496680378913879	0.204023227095604	11	4.37786865234375	0.959999978542328	0.215943694114685	65	0.701200187206268	21	4.43456840515137	63	4.29143047332764	46
s7863	102.100.100/7863	26/10/2012	150.5937279	-35.17710152	5	24	0.66	3.48	7.2	10	78	10.1	1.5	""	16.9791088104248	1.07948911190033	17.3579788208008	1165.17431640625	20.5411739349365	0.495072275400162	0.232450261712074	13	4.76181316375732	2.83999991416931	0.205521881580353	62	0.724237084388733	28	5.11570692062378	74	4.30757665634155	47
s9450	102.100.100/9450	31/5/2013	148.8271	-35.3941	9	10	0.19	4.53	4.1	16	210	4.5	1.5	""	10.5362339019775	1.77497434616089	25.8622016906738	1123.853515625	16.0230674743652	0.516996324062347	0.326123952865601	20	4.34263467788696	4.46999979019165	0.141916856169701	40	0.84064120054245	69	2.01277542114258	13	4.96103000640869	66
s9466	102.100.100/9466	9/7/2013	148.9085	-35.59065	8	1	0.28	4.03	5.6	27	237	6.8	2	""	10.9339685440063	1.74951887130737	26.8619384765625	914.714172363281	12.6602411270142	0.410760015249252	0.20017708837986	24	4.61107063293457	4.26000022888184	0.114088274538517	30	0.856873273849487	75	1.64638912677765	8	5.15949153900147	71
s9586	102.100.100/9586	18/1/2013	148.029095	-41.183047	3	1	0.25	0.89	4.1	2	126	1.6	2	""	9.22276210784912	1.10807526111603	16.8787479400635	1451.30834960938	22.9338874816895	0.6569002866745	0.442030996084213	12	4.21061420440674	2.17000007629395	0.225301936268806	69	0.733958899974823	31	4.27849054336548	60	4.49198770523071	52
